.63,9.48
1.74,0.25,9.52
1.70,0.23,9.50
1.67,0.24,9.64
1.73,0.26,9.38
1.72,0.24,9.46
1.70,0.27,9.55
1.73,0.24,9.47
1.74,0.25,9.48
1.74,0.25,9.52
1.70,0.23,9.50
1.67,0.24,9.64
1.73,0.26,9.38
1.72,0.24,9.46
1.70,0.27,9.55
1.73,0.24,9.47
1.74,0.25,9.48
1.74,0.25,90.00,0.00,0.00
0.00,0.00,0.00
0.00,0.00,0.00
0.00,0.00,0.00
0.00,0.00,0.00
0.00,0.00,0.00
0.00,0.00,0.00
0.00,0.00,0.00
0.00,0.00,0.00
0.00,0.00,0.00
0.00,0.00,0.00
0.00,0.00,0.00
0.00,0.00,0.00
0.00,0.00,0.00
0.00,0.00,0.00
0.00,0.00,0.00
0.00,0.00,0.00
0.00,0.00,0.00
0.00,0.00,0.00
0.00,0.00,0.00
0.00,0.00,0.00
0.00,0.00,0.00
0.00,0.00,0.00
0.00,0.00,0.00
0.00,0.00,0.00
0.00,0.00,0.00
0.00,0.00,0.00
0.00,0.00,0.00
0.00,0.00,0.00
0.00,0.00,0.00
0.00,0.00,0.00
0.00,0.00,0.00
0.00,0.00,0.00
0.00,0.00,0.00
0.79,0.21,9.28
1.00,0.09,9.58
0.93,0.05,9.75
1.16,0.02,9.61
0.98,0.07,9.67
1.12,0.10,9.60
1.08,0.04,9.70
1.30,0.08,9.54
1.09,0.00,9.72
1.32,0.06,9.61
1.31,0.05,9.53
1.37,0.05,9.59
1.13,0.00,9.86
1.14,0.04,9.72
1.00,0.00,9.89
1.11,0.07,9.67
1.05,0.05,9.67
1.21,0.12,9.55
1.18,0.00,9.68
1.31,0.02,9.53
1.17,0.00,9.75
1.29,0.06,9.64
1.16,0.09,9.56
1.24,0.17,9.57
1.05,0.12,9.80
1.24,0.19,9.58
1.23,0.11,9.72
1.33,0.08,9.55
1.31,0.06,9.64
1.43,0.11,9.56
1.35,0.00,9.77
1.43,0.04,9.60
1.24,0.06,9.84
1.36,0.11,9.66
1.33,0.08,9.53
1.28,0.22,9.52
1.29,0.13,9.57
1.37,0.07,9.60
1.35,0.10,9.69
1.47,0.01,9.60
1.34,0.02,9.68
1.44,0.07,9.73
1.21,0.00,9.76
1.26,0.13,9.75
1.28,0.09,9.79
1.24,0.15,9.59
1.23,0.22,9.52
1.29,0.27,9.54
1.07,0.21,9.59
1.24,0.18,9.59
1.25,0.15,9.74
1.39,0.14,9.62
1.39,0.08,9.61
1.47,0.07,9.58
1.39,0.03,9.71
1.33,0.09,9.66
1.28,0.04,9.74
1.37,0.16,9.61
1.29,0.10,9.61
1.41,0.13,9.59
1.49,0.14,9.61
1.31,0.15,9.58
1.17,0.11,9.80
1.45,0.12,9.60
1.39,0.02,9.56
1.48,0.09,9.61
1.44,0.06,9.71
1.35,0.09,9.73
1.36,0.10,9.72
1.48,0.13,9.63
1.44,0.09,9.60
1.46,0.16,9.60
1.37,0.11,9.70
1.47,0.16,9.55
1.45,0.10,9.68
1.42,0.07,9.68
1.37,0.07,9.64
1.42,0.13,9.63
1.37,0.07,9.63
1.47,0.11,9.48
1.35,0.09,9.57
1.35,0.10,9.67
1.27,0.07,9.54
1.77,0.14,9.60
1.96,0.21,8.90
1.91,0.55,9.16
1.64,0.07,9.57
1.38,-0.52,9.00
1.78,0.17,8.83
2.28,0.45,9.41
2.08,0.02,8.92
2.47,0.09,9.03
2.76,0.27,9.52
3.20,0.15,9.83
3.38,0.11,9.19
3.58,0.09,9.16
3.98,0.13,9.04
4.37,0.15,9.50
4.43,0.07,9.47
4.03,0.08,9.22
4.14,0.31,8.84
4.45,0.39,9.36
4.49,0.33,9.16
4.46,0.34,9.33
3.99,0.27,9.44
4.18,0.26,8.90
4.11,0.34,9.18
3.89,0.01,8.83
4.10,0.22,9.14
4.10,0.16,8.65
4.18,0.30,9.10
4.22,0.40,8.91
4.29,0.26,8.64
4.29,0.31,8.94
4.07,0.09,8.91
4.18,0.00,9.04
4.25,0.25,9.12
4.41,0.32,9.09
4.69,0.45,9.50
3.88,-0.03,8.73
4.29,0.28,9.67
4.59,0.15,8.49
4.33,0.25,8.71
3.70,0.23,9.02
3.87,0.10,8.44
3.93,0.32,9.56
4.85,0.49,8.86
3.78,0.02,8.38
4.01,0.36,9.34
4.24,0.31,9.57
4.07,0.15,8.81
4.15,-0.14,8.27
4.60,0.10,8.13
4.10,0.23,8.93
4.17,0.32,9.44
3.96,0.05,8.34
4.50,-0.18,8.62
4.73,0.13,8.62
5.20,0.20,9.48
4.96,0.09,9.05
5.10,0.31,9.92
5.16,0.04,10.09
5.31,0.20,8.35
5.05,-0.08,8.44
5.13,0.60,9.96
4.49,0.45,10.94
4.81,0.49,9.51
5.39,0.76,10.33
4.35,1.09,9.90
5.02,0.50,9.95
4.18,0.73,8.97
4.11,0.66,10.11
3.80,0.68,9.22
3.91,0.48,9.03
4.58,0.54,8.89
3.79,0.33,9.65
3.53,0.07,8.79
3.87,0.48,9.41
3.69,0.13,8.88
3.40,0.00,8.90
3.43,0.49,8.75
3.52,0.46,9.38
3.48,0.36,8.33
3.30,0.32,9.09
3.36,0.34,8.59
3.33,0.54,9.25
3.23,0.28,8.77
3.73,0.34,9.01
3.71,0.11,8.37
3.61,0.10,8.19
3.68,0.34,8.40
3.85,0.10,8.56
3.97,0.01,8.71
4.19,0.09,9.60
4.63,0.23,9.32
4.67,0.27,9.54
4.65,0.33,9.53
4.03,0.28,9.76
4.69,0.48,9.61
4.63,0.52,9.78
4.29,0.51,9.27
4.31,0.62,9.33
4.16,0.46,9.36
4.08,0.59,9.22
3.83,0.35,9.47
3.79,0.71,9.24
3.50,0.41,8.71
3.75,0.50,8.83
3.73,0.46,8.76
3.79,0.45,9.45
3.85,0.08,8.91
4.03,0.12,9.54
4.15,0.40,8.73
3.87,0.42,8.73
3.70,0.00,8.62
4.02,0.51,8.93
3.69,0.26,9.22
4.14,0.22,8.80
3.89,0.06,8.82
4.07,-0.01,8.33
4.12,-0.10,9.56
3.73,0.33,8.73
3.85,-0.07,8.56
4.22,0.13,7.70
3.88,0.22,8.79
4.28,-0.18,7.65
3.97,0.01,8.26
3.91,0.12,8.93
4.42,0.15,9.65
4.49,0.57,9.52
5.10,1.02,9.28
4.26,0.76,9.93
4.71,0.37,9.05
4.64,0.51,10.43
4.53,0.61,8.49
4.47,0.75,9.08
4.38,0.81,7.81
4.51,1.05,9.13
3.85,0.32,8.04
4.33,0.78,8.45
4.40,0.25,9.08
4.94,0.31,9.44
5.02,0.24,9.54
5.38,0.35,9.67
4.86,0.33,9.23
4.44,0.64,8.39
4.25,0.71,9.56
4.29,0.39,9.39
4.27,0.36,8.75
4.23,0.57,8.69
4.05,0.32,8.92
3.73,0.24,6.85
2.74,-0.48,7.82
3.22,0.10,7.50
3.57,0.17,8.16
3.44,-0.06,7.95
3.95,-0.19,10.08
4.08,0.18,9.38
4.00,0.26,8.22
3.52,-0.04,8.29
4.09,0.28,9.39
4.07,0.28,10.02
4.07,0.47,9.67
4.01,0.26,8.69
4.16,0.46,8.94
3.85,0.21,10.07
3.60,0.74,10.14
3.43,0.65,10.58
3.65,0.64,9.68
3.66,0.81,9.91
3.30,0.95,9.63
2.94,0.95,10.03
3.36,0.63,10.47
2.87,0.71,9.11
2.72,1.28,9.25
2.38,0.68,7.68
2.22,0.58,9.80
3.12,0.56,8.75
2.44,0.66,9.12
2.44,-0.22,8.92
2.71,0.13,9.55
2.51,-0.21,8.63
2.51,-0.19,8.25
2.21,-0.45,8.19
2.95,-0.49,8.73
3.25,-0.25,8.98
3.00,-0.59,10.30
3.61,0.18,10.50
2.36,-0.20,8.46
3.46,1.35,10.14
2.87,0.22,10.21
3.40,0.97,10.91
3.07,0.27,8.41
2.90,0.80,9.20
3.18,0.93,10.73
3.46,0.07,9.78
2.73,1.15,9.25
1.54,0.90,8.91
2.03,0.50,8.69
2.44,0.28,9.59
2.43,-0.21,7.25
2.46,0.24,9.72
2.26,-0.35,8.36
2.39,-0.13,9.92
2.43,-0.12,9.18
2.68,0.17,9.72
1.86,0.26,9.81
2.69,0.46,8.71
2.37,-0.02,10.34
2.90,0.05,9.90
2.25,0.24,10.28
2.37,-0.02,10.52
3.20,0.00,10.74
2.17,0.73,9.58
2.02,0.11,9.67
2.38,0.26,8.98
2.89,-0.09,10.47
3.05,0.48,9.21
3.38,1.01,10.88
2.96,0.49,9.97
3.15,0.55,9.56
3.23,0.99,8.88
3.69,0.63,9.47
2.95,-0.32,9.75
3.32,0.41,9.04
3.70,-0.09,9.22
3.25,0.00,8.72
3.45,-0.07,9.37
3.12,-0.24,8.32
3.55,0.69,8.90
2.99,-0.42,7.60
3.58,0.53,10.03
3.28,0.15,7.63
3.61,0.56,8.59
3.01,0.23,8.92
3.02,0.47,9.43
3.03,0.30,10.31
3.11,0.47,8.67
2.97,0.47,9.33
2.68,-0.02,9.06
2.74,0.06,9.89
3.62,-0.05,9.43
3.78,1.00,10.24
2.86,0.14,8.39
3.55,0.40,9.85
3.42,0.00,9.27
4.04,0.64,10.54
3.27,0.94,9.96
4.03,0.21,10.04
3.99,-0.14,9.81
3.19,0.29,9.72
3.41,0.50,10.20
3.22,0.21,9.29
2.88,0.00,9.29
2.77,0.05,8.66
2.12,0.22,9.86
2.12,0.12,9.04
1.93,0.08,9.32
1.53,-0.11,8.21
1.46,-0.09,8.04
1.03,-0.08,9.37
0.91,-0.11,8.59
0.55,0.51,9.80
0.48,0.36,9.84
0.49,0.08,9.54
0.32,0.01,9.94
0.16,0.05,9.66
0.16,-0.11,10.44
0.54,-0.41,8.81
0.94,-0.74,9.56
1.15,-0.22,9.01
1.40,-0.32,10.10
1.36,-0.22,9.52
1.35,-0.15,9.36
1.36,-0.33,9.90
1.49,-0.16,9.62
1.49,-0.04,9.67
1.59,0.36,10.05
1.02,-0.05,8.77
0.93,0.07,9.68
1.03,0.17,10.17
1.02,0.23,9.97
0.82,0.09,10.05
0.80,0.02,10.12
0.96,0.03,10.47
1.21,0.43,10.49
0.58,-0.01,10.04
0.91,0.00,9.85
1.32,0.08,10.26
1.58,0.35,9.85
0.88,0.09,9.59
1.00,-0.10,9.88
1.28,0.05,10.52
1.59,0.17,10.74
1.52,-0.34,10.37
2.65,-0.37,10.57
1.25,0.48,10.16
1.26,-0.11,10.31
2.72,-0.06,9.69
2.65,-0.30,9.59
2.62,0.15,9.88
2.80,0.13,9.61
2.64,0.16,9.53
2.72,0.19,8.67
2.95,0.07,8.15
3.34,0.27,8.01
3.46,0.21,8.59
3.28,-0.03,8.99
3.70,-0.09,10.22
3.44,-0.22,8.06
4.35,0.45,9.58
4.03,0.25,8.19
3.34,-0.23,9.11
2.95,-0.29,9.48
3.86,0.30,9.00
3.55,-0.11,8.93
3.31,-0.02,10.31
4.33,0.08,9.75
3.67,0.20,9.37
4.19,0.01,10.13
3.92,-0.22,10.43
3.95,-0.15,9.81
4.41,0.40,10.94
4.62,0.25,10.96
4.49,0.48,9.85
4.41,0.12,9.63
4.63,0.59,9.27
4.05,0.49,8.25
3.57,0.32,8.50
3.60,0.56,8.06
2.76,-0.06,7.45
2.51,0.00,8.27
2.21,-0.45,8.23
2.22,0.00,9.88
2.16,-0.53,9.30
2.00,-0.13,9.23
2.36,-0.31,8.06
2.56,-0.02,8.74
2.10,-0.46,8.99
1.06,-0.85,9.96
0.67,-0.54,8.40
0.50,-0.30,8.31
1.35,-0.70,8.86
2.26,-0.23,9.41
2.68,-0.33,9.17
2.70,-0.40,9.02
2.86,0.02,9.40
2.95,-0.08,9.04
3.35,0.06,9.67
3.12,-0.01,8.69
3.40,-0.23,9.78
3.49,-0.44,9.02
4.01,-0.03,10.42
3.58,0.12,10.40
3.41,-0.06,9.92
3.08,-0.30,10.43
2.86,-0.38,9.39
2.44,-0.52,9.19
2.28,-0.29,8.85
2.93,0.23,9.90
2.60,0.05,8.68
2.23,0.55,9.50
2.49,0.00,8.70
2.94,0.57,8.37
3.43,0.57,9.87
3.65,0.40,9.76
2.79,-0.30,8.84
3.19,-0.42,9.56
3.28,-0.57,9.68
2.88,-0.92,8.72
2.97,-0.32,9.13
2.57,-0.22,7.46
2.55,-0.33,8.97
2.51,-0.22,8.36
2.86,0.42,9.25
2.81,-0.06,8.13
2.54,-0.35,8.78
2.40,-0.33,9.08
2.65,-0.31,8.82
2.35,-0.54,9.55
2.22,-0.67,9.26
2.04,-0.74,9.60
2.54,-0.90,10.08
2.87,-0.90,10.57
2.70,-0.50,10.71
2.94,-0.04,10.98
2.89,-0.48,11.32
3.11,-0.28,10.40
2.57,-0.17,11.96
2.66,0.08,11.34
2.57,-0.67,8.99
2.35,0.01,9.96
2.06,-0.49,9.56
2.73,-0.21,9.80
1.77,-0.26,8.43
1.89,-0.41,7.63
1.99,0.16,7.64
1.47,-0.44,7.46
1.48,-0.53,8.68
1.62,-0.14,9.31
1.33,-0.28,8.72
1.37,-0.78,8.80
1.37,-0.64,9.50
1.13,-0.35,9.51
1.55,-0.70,9.07
1.70,-0.49,9.21
1.68,-0.58,9.20
1.27,-0.59,9.09
0.85,-0.51,8.34
1.01,-0.34,9.95
1.05,-0.96,9.01
1.27,-0.32,10.51
1.42,-0.52,10.19
1.98,-0.59,10.32
0.90,-0.33,10.18
1.72,-0.52,10.91
1.70,-0.58,10.65
1.50,-0.59,11.25
1.85,-0.37,10.24
1.41,-0.50,9.67
1.47,-0.62,10.19
1.47,-0.64,10.04
1.60,-0.73,10.06
1.96,-0.09,10.54
1.52,-0.50,8.71
1.54,-0.01,10.25
1.79,-0.55,9.13
1.44,-0.51,9.59
1.54,-0.48,9.39
1.42,-0.45,8.86
1.57,-0.44,8.41
1.48,-0.50,9.23
1.45,-0.57,8.73
1.42,-0.79,8.65
1.66,-0.47,10.01
1.48,-0.69,9.12
1.44,-0.13,9.87
1.68,-0.79,9.69
1.57,-0.35,9.57
1.29,-0.61,9.52
1.46,-0.59,9.10
1.40,-0.10,9.30
0.68,-0.59,9.52
0.86,-0.91,9.34
0.38,-0.40,9.69
0.32,-0.70,9.58
0.53,-0.65,9.47
0.59,-0.90,9.16
0.33,-0.82,9.40
-0.08,-0.99,9.67
-0.14,-0.59,10.07
0.56,-0.54,8.65
0.77,-0.36,9.57
0.58,-0.48,9.20
0.74,-0.12,9.65
0.84,-0.71,9.07
1.23,-0.25,9.58
1.32,-0.69,9.66
1.30,-0.67,10.26
0.53,-0.70,10.49
1.40,-0.24,10.47
1.23,-0.39,9.80
0.65,-0.22,10.44
0.53,-0.46,9.72
0.54,-0.58,10.56
1.09,-0.23,10.35
0.96,-0.22,10.18
0.67,-0.27,10.17
0.79,-0.20,10.32
0.90,-0.10,9.22
0.51,-0.37,9.05
0.76,0.08,10.09
0.81,-0.37,8.83
0.81,-0.09,9.77
0.70,-0.93,10.40
0.67,-0.36,9.95
-0.14,-0.57,10.13
0.29,-0.16,10.52
0.49,-0.26,11.06
0.57,-0.28,10.29
0.48,-0.22,10.82
0.21,-0.57,10.18
-0.22,-0.74,10.12
-1.05,-0.79,10.72
-1.54,-0.63,10.23
-1.45,-0.37,10.18
-1.28,-0.44,10.31
-1.42,-0.98,10.36
-1.74,-0.60,10.74
-2.92,-1.00,9.92
-3.12,-1.22,10.78
-3.29,-1.16,9.64
-3.69,-1.73,9.83
-2.48,-1.08,10.26
-1.35,-1.11,10.21
-1.55,-1.03,9.97
-1.96,-0.99,10.12
-1.28,-0.72,10.55
-1.39,-1.17,10.54
-0.81,-0.92,10.95
-0.74,-1.27,10.24
-0.28,-1.58,10.03
-0.11,-1.56,10.31
-0.51,-1.12,9.69
-0.84,-0.58,10.49
-1.16,-1.15,10.00
-0.43,-0.90,10.00
-0.04,-0.96,9.27
-0.43,-0.92,10.42
-0.36,-0.93,9.60
-0.64,-1.09,9.24
-1.09,-1.39,8.83
-0.40,-0.91,9.97
-0.61,-0.85,8.08
-0.44,-1.25,9.08
-0.21,-0.77,9.16
-0.34,-1.02,9.72
-0.42,-1.10,9.98
-0.51,-1.14,10.04
-0.25,-1.35,10.04
-0.66,-1.20,9.76
-1.43,-1.27,8.50
-1.56,-1.13,7.71
-1.45,-0.28,7.05
-0.85,0.00,8.74
-1.15,-1.04,9.13
-1.35,-1.25,10.52
-0.50,-1.49,12.48
0.98,-0.19,12.40
1.01,-0.03,10.58
-0.50,0.10,10.24
-1.23,-1.62,12.44
-0.04,0.07,10.12
-0.39,-1.05,9.87
0.05,-0.22,10.50
0.96,0.18,10.98
0.68,-0.49,10.52
1.70,0.03,10.60
1.57,-0.38,9.95
1.71,-0.45,9.31
1.43,-0.39,8.89
1.41,-0.63,8.94
1.31,-0.26,8.31
0.69,-0.65,9.05
0.39,-0.66,8.64
1.31,-0.46,9.79
1.34,-0.83,9.52
0.53,-1.06,8.94
1.00,-0.79,8.59
0.86,-0.93,8.80
1.35,-0.61,9.37
1.47,-0.50,9.03
1.18,-0.56,9.39
1.09,-0.66,9.57
1.50,-0.43,9.80
1.56,-0.34,9.79
0.63,-0.23,8.94
0.61,-0.64,10.31
1.00,-0.15,9.10
0.67,-0.43,8.24
0.46,-0.43,8.38
0.52,-0.55,9.04
0.56,-0.90,9.02
0.62,-0.56,9.97
1.10,-0.14,10.11
0.45,-0.94,9.89
0.70,-0.35,10.83
1.01,-0.08,11.69
1.58,-0.71,9.48
0.55,-0.63,11.40
0.68,-0.55,9.99
0.41,-1.22,10.45
0.20,-0.65,9.56
-0.32,-0.72,9.49
-0.22,-0.37,9.61
0.09,-0.68,10.33
0.37,-0.68,10.48
0.48,-1.25,10.59
0.38,-1.02,10.48
0.44,-0.87,10.64
0.64,-1.25,9.32
0.53,-1.17,10.27
0.65,-1.49,9.07
0.52,-1.17,8.99
0.71,-1.32,9.49
0.61,-1.51,9.49
0.25,-1.66,9.41
0.43,-1.56,9.88
0.41,-1.45,9.86
0.45,-1.49,9.89
0.11,-1.63,9.96
0.69,-1.03,9.85
0.60,-0.93,9.13
0.55,-0.85,9.81
0.32,-1.24,9.25
0.16,-0.95,9.82
0.01,-1.17,9.50
-0.40,-1.52,10.31
0.06,-2.01,9.51
-0.36,-1.74,11.34
-0.81,-1.64,10.26
-1.04,-1.45,11.33
-0.85,-1.99,10.31
-0.84,-1.82,10.22
-0.90,-1.82,9.73
-1.73,-2.12,10.17
-2.32,-2.37,9.96
-1.70,-2.01,10.43
-1.27,-2.10,9.56
-1.22,-2.08,9.70
-1.95,-2.38,10.24
-2.42,-2.58,9.90
-1.81,-2.23,10.18
-1.14,-2.25,10.43
-1.91,-2.20,10.43
-1.40,-2.07,10.63
-1.60,-2.28,9.99
-1.57,-2.19,9.95
-1.30,-2.42,10.22
-1.85,-2.26,10.75
-1.36,-2.32,10.63
-1.55,-2.16,10.58
-1.35,-2.40,11.03
-1.00,-2.71,10.30
-1.33,-2.47,10.28
-1.38,-2.39,9.55
-1.51,-3.11,10.19
-1.46,-2.85,9.22
-1.07,-2.62,10.50
-1.33,-2.78,9.58
-1.04,-2.58,10.12
-1.09,-2.75,10.39
-1.37,-3.56,10.14
-0.96,-1.88,9.80
-1.02,-3.34,9.54
-1.10,-3.00,8.72
-0.93,-2.84,8.97
-0.80,-3.11,9.36
-0.79,-2.95,9.26
-0.48,-2.71,9.93
-0.84,-2.78,10.19
0.23,-3.08,10.54
-0.35,-3.21,9.50
-0.51,-2.89,9.61
-0.63,-3.56,9.16
-0.88,-3.20,9.32
-0.90,-3.02,10.07
-0.44,-3.29,9.82
-1.01,-2.94,10.00
-0.61,-2.71,10.67
-0.66,-3.16,10.32
-0.38,-3.35,10.42
-1.19,-3.27,10.21
-1.06,-3.48,9.62
-0.69,-3.18,8.83
-0.44,-3.37,9.26
-0.67,-3.37,9.19
-0.92,-3.59,9.70
-0.34,-3.76,10.20
-0.74,-4.14,10.23
-0.98,-4.11,10.28
-0.45,-3.62,10.20
-1.30,-3.82,10.18
-1.01,-3.79,9.75
-1.19,-3.71,10.48
-1.23,-4.11,10.13
-1.22,-3.66,10.70
-1.20,-3.84,10.55
-1.24,-3.71,10.85
-0.94,-3.41,11.10
-0.52,-3.03,11.17
-0.36,-3.13,10.64
-0.58,-2.63,10.05
-0.64,-2.78,9.54
-0.94,-3.30,9.11
-0.76,-3.16,8.45
-0.31,-2.96,8.76
0.12,-3.12,8.73
-0.26,-3.20,8.35
-0.18,-3.18,8.49
0.88,-3.46,9.76
0.93,-3.71,9.48
0.63,-4.23,9.52
0.77,-4.46,9.89
1.20,-4.58,9.92
1.12,-4.57,9.79
0.79,-3.68,10.40
0.91,-3.79,10.40
1.03,-3.72,10.86
0.48,-3.64,10.35
0.28,-3.63,11.09
0.48,-3.94,10.55
0.32,-3.62,10.27
0.56,-3.73,9.32
0.39,-3.63,9.92
0.67,-3.54,9.95
0.81,-3.34,9.62
0.60,-3.44,9.69
0.47,-3.29,10.17
0.16,-3.34,9.63
0.44,-3.46,8.62
0.16,-3.49,9.43
0.21,-3.45,9.21
0.19,-4.07,8.88
0.02,-4.24,8.62
-0.09,-4.12,8.59
0.30,-4.04,8.50
0.12,-4.16,9.60
0.37,-4.33,9.16
0.04,-4.26,9.04
0.21,-4.17,9.56
0.14,-4.01,10.29
0.50,-3.71,10.37
0.43,-4.13,9.66
0.44,-3.76,10.12
0.39,-3.79,9.20
0.06,-3.84,10.37
-0.06,-3.94,9.89
0.73,-3.61,9.17
0.24,-3.78,9.33
0.80,-3.87,9.77
0.93,-3.69,9.81
0.98,-3.76,9.11
1.39,-3.64,9.16
1.52,-3.75,9.66
1.29,-3.51,9.34
1.09,-3.62,9.46
1.33,-3.40,9.46
1.34,-3.26,9.20
1.39,-3.50,9.40
1.30,-3.76,9.11
1.46,-3.35,9.19
1.53,-3.50,9.30
1.57,-3.73,8.76
1.63,-3.76,9.03
1.33,-3.72,8.87
1.55,-3.72,9.54
2.08,-4.10,9.85
2.16,-4.02,9.81
2.47,-4.40,9.63
2.62,-4.96,9.75
2.14,-4.02,9.92
2.33,-4.07,9.95
2.11,-3.99,9.61
1.90,-3.70,10.04
1.74,-3.91,9.89
1.32,-3.78,10.09
1.34,-3.51,10.07
1.51,-3.72,9.72
1.43,-3.97,9.80
1.39,-3.88,9.48
1.50,-3.79,9.05
1.65,-4.11,9.42
1.66,-3.85,8.90
1.72,-3.80,9.30
2.00,-4.04,9.14
2.02,-4.05,8.92
1.81,-3.91,8.88
1.69,-4.10,9.20
1.57,-4.04,8.63
1.23,-4.27,9.25
1.79,-4.23,9.01
1.60,-4.37,9.19
1.48,-4.64,9.17
1.57,-4.28,9.12
1.68,-4.35,9.05
1.72,-4.46,9.06
1.76,-4.48,9.08
1.90,-4.62,8.85
2.00,-4.90,9.49
1.98,-4.95,8.97
1.85,-5.00,9.01
1.88,-4.79,9.06
1.98,-4.75,9.23
1.99,-4.62,9.24
2.03,-4.73,9.40
2.17,-4.83,9.57
1.99,-4.88,9.54
1.87,-4.90,9.62
2.11,-4.76,9.41
2.06,-4.82,9.73
2.36,-4.68,9.55
1.73,-4.97,9.50
2.21,-4.70,9.65
2.15,-4.80,9.39
1.77,-4.85,9.35
1.92,-4.75,9.11
1.99,-4.71,9.23
2.20,-4.74,9.25
1.91,-4.88,9.19
2.00,-4.96,9.09
2.07,-4.88,9.15
1.92,-4.88,8.88
2.12,-5.08,9.32
2.24,-5.00,9.18
2.45,-5.25,9.17
2.50,-5.37,9.23
2.39,-6.06,9.22
2.39,-5.99,9.00
2.59,-5.46,9.12
2.40,-5.39,9.16
2.48,-5.20,8.58
2.45,-5.27,8.74
2.36,-5.36,8.45
2.49,-5.42,8.40
2.67,-5.38,8.55
2.83,-5.63,9.01
2.80,-5.81,8.96
2.93,-6.00,9.80
2.88,-5.80,9.33
3.13,-5.88,9.36
3.24,-6.14,9.70
3.40,-6.34,9.14
3.50,-6.20,9.43
3.17,-6.32,9.07
3.29,-5.61,9.42
3.29,-5.15,9.02
3.16,-4.82,9.48
3.10,-4.80,9.09
3.12,-4.37,9.14
3.13,-4.28,9.88
3.46,-3.97,10.47
3.38,-4.06,10.40
3.11,-4.10,9.80
3.61,-4.45,9.85
3.30,-4.11,9.87
3.30,-4.06,9.76
3.57,-4.78,9.71
3.27,-4.72,8.82
3.60,-4.59,9.23
3.52,-4.44,9.09
3.65,-4.42,9.33
3.68,-4.50,8.77
4.00,-4.67,9.29
4.12,-4.95,9.73
3.91,-4.56,9.62
3.93,-4.19,9.66
3.67,-4.59,9.14
3.43,-4.21,8.08
3.23,-4.09,8.42
3.28,-3.59,8.12
3.30,-3.83,8.21
3.42,-3.53,9.52
3.81,-3.39,8.77
3.61,-3.86,9.33
3.66,-4.00,8.93
3.65,-4.02,9.16
3.60,-3.73,8.77
4.04,-3.64,9.26
3.99,-3.50,8.68
3.48,-3.26,8.41
3.90,-3.04,8.60
3.69,-3.05,8.71
3.71,-2.95,8.56
3.66,-2.73,8.18
3.68,-2.76,8.33
3.77,-2.66,8.25
3.80,-2.51,8.57
3.86,-2.48,8.57
3.66,-2.40,8.86
3.72,-2.51,8.53
3.79,-2.49,8.63
3.75,-2.27,9.03
3.84,-2.35,8.65
3.91,-2.34,9.53
4.22,-2.20,8.74
4.21,-1.82,9.10
4.29,-2.14,8.73
3.64,-1.83,9.04
4.03,-1.21,8.67
4.05,-1.31,8.93
3.87,-1.26,9.00
3.98,-1.09,9.41
3.81,-0.80,9.20
3.74,-0.72,9.40
3.68,-0.95,9.00
3.47,-0.62,8.54
3.27,-0.18,8.96
3.63,-0.25,9.19
3.91,-0.48,9.16
4.14,-0.20,8.94
4.04,-0.53,9.50
3.94,-0.74,9.01
3.72,-0.88,9.61
3.94,-0.92,9.10
3.78,-0.77,9.59
3.77,-0.67,9.89
3.76,-0.56,10.02
4.11,-0.55,9.13
4.03,-0.55,9.70
3.87,-0.78,10.18
4.13,-0.30,9.76
3.75,-0.89,9.50
3.67,-0.44,9.88
4.05,-0.30,8.65
3.76,-0.75,9.45
4.21,-0.49,9.12
3.74,-0.55,8.39
3.93,-0.80,8.66
3.75,-0.81,8.83
4.00,-0.22,8.77
3.69,-0.63,8.48
4.06,-0.47,9.17
4.00,-0.40,8.60
3.85,-0.70,8.85
3.83,-0.78,8.65
3.58,0.23,8.55
3.97,-0.63,9.17
4.51,0.19,8.18
4.01,-0.16,9.10
3.86,-0.32,8.83
4.22,0.25,9.48
4.12,0.27,10.29
4.25,0.24,9.51
4.21,0.19,9.88
4.07,0.00,9.40
3.92,-0.04,10.01
3.64,-0.19,8.94
3.69,0.67,9.39
3.35,0.45,8.86
2.96,0.98,8.40
2.96,1.16,8.97
2.89,0.22,8.81
2.92,-0.20,9.64
3.12,-0.28,9.03
3.75,0.05,9.60
3.19,0.14,9.04
3.00,-0.16,8.25
2.91,0.06,10.63
3.53,-0.15,8.81
3.46,-0.19,9.58
3.09,-0.32,9.05
3.29,0.13,9.52
2.83,-0.44,7.97
2.95,0.03,9.38
2.96,-0.61,7.69
2.43,0.38,8.14
2.67,-0.36,8.20
2.77,0.00,8.62
2.66,-0.29,8.69
3.11,0.10,7.50
3.44,0.00,8.55
3.21,-0.28,7.58
3.05,-0.54,9.27
2.99,-0.60,8.12
3.36,0.03,9.23
2.83,-0.57,7.82
3.28,-0.46,9.18
3.23,0.26,8.40
3.27,-0.39,9.50
3.37,-0.36,7.99
3.65,-0.11,9.86
3.51,0.11,11.06
3.87,-0.03,11.12
3.37,-0.43,11.27
3.05,-0.14,9.24
3.62,0.00,10.74
3.76,0.45,10.20
3.90,0.22,10.05
4.16,0.02,11.08
3.34,0.38,9.31
3.86,0.50,8.65
3.87,-0.56,8.20
3.28,-0.23,8.61
3.17,0.58,9.74
2.54,-0.20,8.62
3.05,0.20,7.68
3.06,0.76,8.16
2.77,0.29,8.27
1.77,-0.04,9.93
2.90,-0.15,9.26
3.05,0.00,7.98
1.89,-0.72,7.53
2.91,0.49,10.32
2.79,-0.24,9.97
2.69,0.03,9.42
3.07,-0.28,8.67
3.57,0.07,8.71
3.25,0.14,8.79
3.32,-0.19,8.78
3.56,0.07,10.38
3.67,-0.05,8.66
4.41,0.51,9.38
3.50,-0.98,14.08
5.35,0.86,10.82
5.50,0.36,11.18
3.04,1.76,8.49
3.34,-0.95,9.95
3.46,-0.36,8.45
3.03,-0.16,7.62
2.46,-0.23,7.41
2.58,-0.03,7.57
3.03,0.01,7.82
3.43,0.35,8.82
3.55,-0.29,7.51
3.99,0.28,8.18
3.88,0.14,8.71
3.31,0.12,8.82
3.09,-0.32,8.45
3.16,-0.42,8.58
3.44,-0.15,9.03
4.05,-0.28,8.61
3.76,-0.24,9.02
3.62,-0.08,9.11
3.39,-0.11,9.43
3.59,-0.19,8.82
3.17,-0.52,9.61
3.59,-0.17,9.48
3.69,-0.37,9.54
3.40,-0.12,9.29
3.54,0.29,9.73
3.57,-0.01,9.61
3.42,-0.01,9.70
3.53,-0.11,10.18
3.65,0.11,10.00
3.06,-0.16,9.96
3.50,0.26,11.30
3.33,-0.13,10.32
3.39,-0.22,10.03
3.43,0.11,9.81
3.06,-0.32,8.41
2.84,0.00,9.59
2.69,0.14,8.50
2.42,0.33,9.28
2.52,-0.27,8.79
2.81,-0.25,9.56
2.54,-0.47,8.88
2.93,-0.32,8.95
2.91,-0.42,9.24
3.24,-0.50,9.10
3.13,-0.52,9.13
3.34,-0.08,9.30
3.08,-0.42,8.62
3.15,-0.36,9.39
3.14,-0.34,9.32
3.16,-0.13,9.43
3.03,-0.63,9.13
2.91,-0.28,9.42
2.79,-0.57,8.86
2.79,-0.05,8.62
2.28,-0.11,8.63
2.58,-0.49,8.45
2.44,-0.44,9.11
2.61,-0.62,8.60
2.70,-0.34,7.69
2.73,-0.03,8.41
2.83,-0.28,8.22
3.23,-0.25,9.10
2.77,-0.46,9.09
3.08,-0.78,9.32
2.80,-0.18,8.78
3.11,-0.33,9.37
2.84,-0.63,9.79
2.68,-0.35,9.17
2.75,-0.09,9.81
2.73,-0.59,9.20
2.72,-0.58,9.93
2.81,0.11,10.89
2.39,0.17,10.65
2.60,-0.49,10.72
2.52,-0.17,10.39
2.58,-0.26,11.35
3.18,0.37,10.64
2.61,-0.31,10.54
3.34,-0.33,9.44
2.94,0.25,9.27
2.62,-0.11,8.99
3.22,0.29,8.69
2.52,-0.17,8.19
2.90,-0.18,8.36
2.83,-0.12,8.14
2.90,0.18,8.60
3.24,-0.02,9.00
3.24,-0.34,8.56
3.13,0.17,8.75
2.64,-0.45,8.80
2.92,0.36,9.63
2.98,-0.19,9.31
3.16,0.61,9.10
3.10,0.00,7.99
3.04,0.29,8.56
2.81,-0.20,9.21
2.86,-0.02,9.29
2.51,-0.17,8.74
2.90,-0.33,8.64
2.18,-0.31,9.11
2.67,-0.41,9.39
2.44,0.28,9.12
2.25,0.05,9.52
2.69,0.55,8.88
2.35,-0.13,9.54
2.42,0.15,9.48
2.66,0.28,9.73
2.36,0.23,10.02
2.44,-0.08,9.41
2.32,0.86,9.66
2.38,0.19,10.76
2.38,0.14,10.49
2.50,0.12,10.74
2.66,-0.03,10.66
2.37,-0.02,11.23
2.85,0.05,10.71
2.45,0.38,10.45
2.65,0.00,9.51
2.84,0.29,9.48
2.48,0.31,9.97
2.87,0.00,9.29
2.96,0.09,9.72
2.60,0.13,10.19
3.08,-0.22,10.65
2.68,-0.01,9.90
2.80,0.26,9.06
2.53,0.26,8.80
2.51,0.13,8.93
2.62,-0.03,7.91
2.50,-0.03,9.00
2.71,0.30,8.84
3.10,0.27,8.60
3.40,0.11,8.59
2.57,0.00,9.81
2.98,0.22,8.67
2.75,0.00,8.92
2.88,-0.02,9.24
3.12,-0.18,9.56
3.05,0.13,9.58
3.37,0.33,9.84
2.68,-0.22,9.68
2.97,0.02,10.09
2.89,-0.12,9.44
2.75,0.43,9.58
2.63,0.04,9.18
2.70,0.30,9.71
2.83,0.26,9.43
2.57,-0.12,9.69
2.18,-0.04,9.08
2.53,0.00,9.38
2.52,0.15,8.84
2.07,0.00,9.21
2.49,-0.03,8.76
2.19,-0.24,9.10
2.41,-0.23,9.26
2.39,-0.32,9.15
2.27,0.16,9.34
2.41,-0.49,9.61
2.63,-0.11,10.73
2.11,0.44,10.04
2.62,-0.41,8.36
2.37,-0.18,10.28
2.81,-0.19,8.72
1.67,-0.48,9.81
2.89,0.03,9.14
2.38,-0.27,9.64
2.25,0.13,9.21
2.10,-0.03,9.51
2.25,0.10,9.92
1.82,0.52,8.19
1.46,-0.02,8.57
1.66,0.31,8.25
1.17,-0.24,8.28
1.28,0.17,9.37
1.24,-0.13,9.72
1.32,0.19,9.68
1.09,-0.33,10.30
1.23,-0.10,10.15
1.28,-0.31,10.29
1.81,-0.42,10.82
1.75,-0.27,10.28
1.54,0.22,10.57
1.96,0.24,10.79
2.02,-0.09,10.56
2.14,0.02,10.11
1.95,-0.69,10.57
2.17,-0.21,11.19
2.26,-0.49,9.41
1.61,-0.29,9.61
1.59,-0.33,8.44
1.79,0.41,9.12
1.57,0.01,8.40
1.76,0.12,8.82
1.39,0.00,7.16
1.58,0.90,8.86
1.47,-0.23,8.06
1.11,-0.26,8.48
0.92,0.51,10.81
0.92,0.11,9.71
1.57,-0.33,9.21
1.52,-0.23,8.13
1.53,0.12,9.29
1.48,0.05,9.09
0.73,-0.56,6.80
0.13,-0.60,7.88
-0.18,-0.42,7.13
-0.80,0.63,7.71
-1.24,0.13,12.15
0.48,0.35,14.20
0.64,-0.56,13.60
0.16,-0.33,13.82
-0.41,0.36,12.09
-0.02,-0.79,9.37
-0.88,-1.23,17.37
-1.88,-0.56,8.79
-0.91,-0.55,13.40
-0.88,-0.55,10.58
-0.25,0.79,11.24
1.80,1.22,10.16
3.04,0.66,10.84
3.24,0.47,9.73
3.72,-1.69,9.70
1.43,0.66,10.08
1.04,-0.84,8.96
0.60,-0.61,7.82
0.00,-0.98,8.46
0.20,-0.65,7.75
-0.05,-1.04,8.13
-0.22,-0.64,7.86
-0.44,-0.37,9.65
-0.68,0.06,8.04
-0.38,1.00,8.46
0.58,-0.63,8.15
0.00,0.30,10.44
-0.31,0.02,9.56
0.49,0.41,11.18
0.48,-0.55,8.02
0.52,0.08,10.36
0.64,0.08,10.56
0.11,-0.30,11.65
0.53,-0.47,10.63
0.95,0.34,10.67
-0.04,-0.26,9.76
0.14,-0.42,10.22
0.14,0.48,12.10
0.26,-0.03,10.42
0.31,-0.02,10.38
-0.14,-0.33,10.26
0.06,-0.44,11.53
-0.35,-0.17,11.36
-0.40,-0.38,10.40
-0.22,-0.11,11.20
-0.19,-0.42,9.66
-0.34,-0.90,7.20
-0.57,-0.72,8.27
-1.58,-1.12,8.20
-2.41,-0.50,8.82
-3.18,0.74,9.55
-3.36,0.21,9.59
-2.42,-0.61,10.55
-2.07,-0.53,10.26
-2.04,-0.66,11.49
-1.13,-0.16,9.93
-1.15,-0.45,9.14
-2.40,-1.23,10.02
-1.72,0.35,9.15
-1.59,-0.06,8.23
-1.51,0.25,10.14
-1.94,-0.67,9.85
-1.10,0.03,10.07
-1.73,-0.88,9.61
-1.84,-0.76,9.99
-2.45,-1.31,10.05
-1.43,-0.59,9.60
-2.08,-1.45,10.49
-1.38,-0.98,8.91
-2.07,-1.23,10.50
-2.01,-0.92,9.46
-2.15,-0.84,9.62
-1.58,-0.38,10.34
-1.85,-1.02,9.27
-1.64,-1.13,9.31
-1.84,-1.18,10.08
-1.61,-0.73,10.09
-1.37,-0.90,10.12
-1.67,-0.82,10.12
-2.42,-0.93,10.30
-1.93,-0.52,11.04
-2.22,-0.97,10.35
-2.39,-0.73,10.28
-3.01,-1.57,9.18
-3.11,-0.77,9.44
-3.04,-1.69,10.40
-2.49,-1.55,10.18
-2.74,-1.36,10.29
-2.50,-1.48,10.72
-2.46,-1.21,11.12
-2.29,-1.29,9.23
-2.55,-1.66,11.51
-2.79,-2.41,9.46
-1.80,-1.39,10.39
-2.24,-2.14,10.10
-2.66,-1.73,11.25
-2.77,-1.78,11.08
-1.41,-2.11,11.18
-2.84,-1.67,10.49
-2.60,-2.17,10.84
-2.24,-2.10,9.11
-2.54,-1.69,10.73
-2.38,-1.60,8.60
-2.59,-1.61,9.82
-3.04,-2.37,9.29
-2.50,-2.21,9.83
-2.39,-2.31,10.03
-2.42,-1.97,9.96
-2.28,-2.19,10.55
-1.99,-2.78,12.34
-1.93,-3.38,10.93
-1.85,-4.15,9.74
-1.91,-4.41,10.29
-2.58,-4.57,9.10
-2.71,-5.13,8.85
-2.60,-4.10,8.14
-2.43,-4.10,7.94
-2.53,-4.21,7.24
-1.99,-3.96,8.52
-2.31,-4.89,8.19
-2.55,-6.39,9.86
-2.50,-5.72,9.30
-2.22,-5.64,9.94
-2.07,-5.28,9.70
-1.84,-5.40,9.68
-1.45,-5.50,9.53
-2.02,-4.88,9.45
-1.91,-4.93,10.40
-1.64,-5.10,9.90
-1.62,-5.20,10.33
-1.71,-5.23,10.03
-1.51,-4.85,9.73
-1.41,-4.97,9.73
-1.33,-4.65,10.18
-1.33,-4.50,9.97
-0.91,-4.26,10.46
-1.20,-4.76,10.81
-0.88,-4.55,10.07
-1.66,-4.45,10.37
-1.67,-4.50,9.50
-2.29,-4.96,10.11
-0.96,-4.29,10.11
-0.53,-4.17,9.91
-0.19,-4.87,10.58
-1.09,-4.21,10.31
-0.84,-4.34,10.53
-1.64,-4.04,10.29
-1.23,-4.21,10.64
-1.05,-4.07,10.66
-0.95,-3.87,11.03
-0.82,-3.98,9.70
-0.84,-3.84,10.03
-1.25,-3.82,9.63
-1.00,-4.31,9.62
-1.24,-4.57,9.45
-0.90,-4.43,9.32
-0.54,-4.35,9.48
-0.17,-5.36,12.01
-0.15,-5.23,10.57
0.18,-5.83,10.70
0.36,-5.63,10.16
0.50,-4.78,10.07
0.11,-4.51,9.53
-0.28,-4.93,8.89
-0.30,-4.33,10.19
-0.37,-4.25,9.84
-0.41,-4.71,11.82
-0.28,-4.18,9.37
-0.40,-4.17,9.58
-0.72,-4.62,8.41
-0.51,-4.56,10.24
-0.70,-4.63,7.58
-0.39,-4.62,10.05
-0.11,-4.50,9.50
0.44,-4.07,9.47
1.17,-4.25,9.18
1.10,-5.54,10.10
0.85,-5.05,8.89
1.04,-4.40,9.52
1.25,-4.43,8.68
0.76,-3.89,10.20
0.69,-4.11,10.31
0.75,-3.97,11.15
0.64,-4.15,10.29
0.82,-3.55,10.20
0.90,-3.55,9.17
1.30,-4.39,9.07
0.85,-4.33,8.46
0.83,-4.40,8.72
0.42,-4.38,9.51
0.41,-4.13,9.73
1.51,-3.96,9.41
2.34,-4.61,10.06
2.38,-5.48,10.41
2.26,-4.31,10.57
1.83,-4.64,9.76
1.90,-4.66,10.16
0.98,-4.63,9.63
0.78,-4.23,8.44
0.90,-4.04,8.54
0.98,-4.27,9.02
0.97,-4.29,8.51
1.21,-4.18,8.51
1.01,-4.23,8.32
1.24,-4.43,9.47
1.29,-4.47,8.83
1.50,-4.45,9.73
1.48,-4.73,8.76
1.39,-4.85,9.14
1.68,-4.14,8.31
1.24,-4.32,8.84
1.05,-4.36,9.13
0.90,-4.34,9.28
0.95,-4.06,10.01
0.85,-4.10,9.61
0.49,-4.20,9.29
0.57,-4.18,9.83
0.60,-4.30,10.06
0.48,-4.16,9.74
1.06,-3.94,9.19
0.60,-4.15,9.90
0.94,-3.83,8.96
0.57,-3.67,9.06
0.85,-4.61,9.52
1.35,-3.96,8.82
1.33,-4.83,10.54
1.54,-4.87,9.42
1.49,-4.75,10.10
1.54,-5.06,8.90
1.40,-4.39,9.92
1.48,-4.34,10.19
1.59,-4.54,9.22
1.51,-4.19,9.30
1.00,-4.32,8.64
0.93,-4.41,9.77
1.01,-3.89,9.48
0.94,-3.96,9.83
0.88,-4.48,9.36
1.09,-3.83,10.19
0.96,-4.12,9.21
1.27,-4.08,9.75
1.35,-4.21,8.90
1.23,-4.06,10.25
1.06,-4.18,9.05
1.03,-4.24,9.77
1.09,-4.20,9.24
0.83,-4.07,9.60
1.00,-4.64,9.49
0.93,-4.44,10.59
0.82,-4.71,9.25
1.10,-4.85,10.19
0.87,-4.90,9.05
0.76,-4.46,10.28
0.35,-4.68,9.31
0.70,-4.58,9.30
0.85,-4.60,8.95
0.94,-4.40,9.36
1.16,-4.49,9.59
0.94,-4.92,9.31
1.24,-4.96,10.04
1.38,-4.89,9.41
1.43,-4.86,9.68
1.23,-4.84,8.83
1.36,-4.27,9.06
1.12,-4.39,8.73
1.27,-3.86,9.04
0.95,-4.03,8.54
0.94,-3.85,9.77
1.05,-3.70,8.47
0.93,-3.43,8.79
0.78,-3.62,9.35
1.39,-3.70,9.23
1.32,-3.54,9.95
1.47,-3.37,9.37
1.47,-3.50,9.67
1.44,-3.33,9.75
1.28,-3.60,9.62
1.46,-3.32,9.84
1.42,-3.22,10.05
1.43,-3.15,8.93
1.03,-3.45,10.41
1.56,-3.40,9.41
1.23,-3.32,10.14
1.11,-3.35,10.04
1.49,-3.80,9.89
1.31,-3.31,9.59
0.90,-3.67,10.65
1.49,-3.72,9.62
0.81,-3.40,8.66
1.07,-3.13,9.49
1.18,-3.21,9.51
0.97,-3.66,9.69
1.31,-3.46,9.21
1.39,-3.40,9.20
1.04,-3.59,9.61
1.00,-3.49,9.18
1.11,-3.77,8.43
1.29,-3.35,8.83
0.82,-3.71,8.33
1.11,-3.57,9.84
1.05,-3.73,8.65
1.21,-3.69,9.42
1.10,-3.84,8.66
1.36,-3.53,9.74
1.44,-3.59,8.46
1.47,-3.29,9.54
1.43,-3.51,8.68
1.36,-3.43,9.70
1.27,-3.18,9.10
1.40,-3.01,10.38
1.47,-3.22,9.68
1.33,-3.20,9.77
1.49,-3.14,9.85
1.55,-2.86,9.46
1.55,-2.54,9.85
1.43,-2.62,9.30
1.46,-2.48,9.95
1.28,-2.87,10.09
1.32,-2.44,10.52
1.38,-2.11,8.90
1.45,-1.66,9.68
0.77,-1.93,8.44
0.37,-2.61,9.60
1.53,-3.39,9.51
1.34,-3.18,9.73
1.21,-3.24,9.61
0.79,-2.92,10.10
1.24,-3.38,10.09
1.20,-4.13,9.71
0.62,-4.96,10.98
-0.12,-4.11,9.78
-0.13,-3.91,10.29
0.11,-3.79,8.82
0.13,-3.54,9.56
-0.38,-2.49,9.75
-0.90,-1.76,9.26
-1.44,-1.53,9.16
-1.92,-1.81,8.19
-2.17,-2.10,8.32
-2.96,-2.38,9.82
-3.11,-2.50,10.27
-1.44,-2.74,10.26
-1.95,-2.69,9.34
-1.56,-2.76,10.32
-1.38,-2.89,11.32
-1.26,-3.21,10.78
-1.62,-3.34,11.27
-2.08,-3.56,10.98
-1.16,-2.83,11.73
-1.63,-3.05,9.65
-2.14,-2.61,8.66
-1.85,-1.83,10.20
-1.95,-2.09,9.75
-1.96,-2.28,9.95
-1.91,-2.20,10.21
-1.65,-1.43,9.98
-1.89,-1.12,10.32
-1.88,-0.64,10.48
-2.04,-0.96,9.84
-1.46,-1.84,9.84
-1.58,-1.95,10.06
-2.23,-1.84,9.88
-2.37,-1.88,10.22
-1.65,-1.59,9.60
-1.74,-1.57,9.94
-1.63,-1.52,9.63
-1.58,-1.32,9.85
-1.61,-0.93,10.29
-1.62,-1.05,9.83
-1.94,-1.25,10.20
-1.71,-1.26,9.93
-1.79,-1.39,10.01
-1.58,-1.47,9.91
-1.66,-1.43,9.54
-1.64,-1.33,9.70
-1.71,-1.32,9.81
-1.41,-1.22,9.83
-1.45,-1.25,9.51
-1.27,-1.07,10.06
-1.46,-0.94,9.83
-1.46,-0.76,10.21
-1.37,-0.82,10.21
-1.43,-0.67,10.15
-1.48,-0.65,10.37
-1.45,-0.46,10.41
-1.34,-0.60,10.56
-1.29,-0.59,10.58
-1.42,-0.76,10.56
-1.49,-0.53,10.20
-1.34,-0.07,10.33
-1.33,0.13,9.88
-1.14,-0.14,10.32
-1.06,-0.06,10.10
-1.01,0.00,10.15
-0.91,-0.36,10.03
-0.88,-0.37,10.23
-0.95,-0.29,9.88
-0.99,-0.14,9.94
-1.03,-0.27,10.02
-1.12,-0.52,9.95
-1.17,-0.34,9.96
-0.95,-0.19,9.96
-1.10,-0.20,9.83
-1.01,-0.09,10.07
-1.05,0.00,10.08
-1.00,0.03,9.89
-1.05,-0.15,9.84
-1.16,-0.22,10.06
-1.10,-0.22,9.81
-1.13,-0.26,10.02
-1.13,-0.25,9.92
-1.01,-0.28,9.91
-1.13,-0.34,10.05
-1.09,-0.09,10.02
-1.08,-0.18,10.20
-1.01,-0.32,9.93
-1.10,-0.31,10.07
-0.90,-0.15,9.95
-0.90,-0.19,9.90
-0.79,-0.32,9.87
-0.77,-0.21,9.78
-0.71,-0.27,9.96
-0.48,-0.16,9.74
-0.67,-0.16,9.77
-0.55,-0.31,9.92
-0.63,-0.31,9.94
-0.59,-0.30,9.79
-0.53,-0.21,9.75
-0.68,-0.32,10.01
-0.62,-0.03,9.84
-0.64,-0.03,9.99
-0.50,0.00,9.98
-0.50,-0.11,9.99
-0.42,-0.09,9.98
-0.42,-0.11,9.87
-0.40,-0.11,10.06
-0.27,-0.13,9.91
-0.30,0.00,9.97
-0.18,-0.10,9.84
-0.06,-0.21,9.77
0.02,-0.16,9.99
0.03,-0.26,9.99
0.03,-0.35,9.87
-0.07,-0.44,9.79
0.20,-0.09,10.03
0.34,-0.20,9.50
0.83,0.01,9.95
1.00,-0.05,9.60
0.92,-0.15,9.73
0.84,-0.10,9.61
0.91,0.05,10.04
1.03,0.10,9.71
1.21,0.10,9.82
1.14,0.11,9.63
1.00,0.16,9.87
0.80,-0.05,9.95
0.77,-0.09,9.64
0.84,-0.11,9.65
0.69,-0.11,9.84
0.79,-0.16,9.72
0.82,-0.13,9.74
0.82,-0.22,9.72
0.79,-0.18,9.60
0.65,-0.23,9.87
0.67,-0.18,9.64
0.62,-0.20,9.73
0.59,-0.20,9.55
0.53,-0.19,9.72
0.60,-0.10,9.59
0.48,-0.09,9.81
0.57,-0.13,9.67
0.47,-0.25,9.73
0.49,-0.20,9.78
0.49,-0.20,9.66
0.58,-0.17,9.78
0.56,-0.11,9.75
0.54,0.00,9.82
0.58,0.00,9.82
0.48,-0.11,9.97
0.47,-0.08,9.68
0.39,-0.16,9.91
0.46,-0.17,9.84
0.42,-0.14,9.82
0.42,-0.17,9.79
0.25,-0.16,9.81
0.29,-0.10,9.80
0.22,-0.13,9.95
0.22,-0.08,9.77
0.08,-0.11,9.78
0.00,-0.19,10.00
0.02,-0.14,9.72
0.03,-0.23,9.96
0.09,-0.19,9.80
-0.03,-0.21,9.85
0.02,-0.18,9.75
-0.02,-0.23,9.88
0.05,-0.19,9.71
-0.01,-0.22,9.92
0.00,-0.19,9.83
-0.05,-0.19,9.80
-0.02,-0.10,9.99
-0.03,-0.06,9.70
-0.09,-0.11,9.87
-0.03,0.00,9.85
-0.08,-0.18,9.82
-0.01,-0.11,9.84
-0.06,-0.13,9.81
-0.08,-0.22,9.93
0.08,-0.16,9.75
-0.08,-0.22,9.91
-0.09,-0.12,9.76
-0.13,-0.18,9.99
0.00,-0.20,9.79
-0.09,-0.17,9.89
-0.04,-0.19,10.01
0.20,-0.06,9.68
0.19,-0.18,9.84
0.41,-0.06,9.84
0.30,-0.18,9.83
0.56,-0.17,9.78
0.58,-0.10,9.90
0.67,-0.19,9.72
0.72,-0.20,9.78
0.91,-0.06,9.61
1.13,-0.04,9.65
1.16,-0.04,9.55
1.17,-0.08,9.56
1.22,-0.07,9.64
1.22,-0.02,9.71
1.18,-0.07,9.53
1.33,-0.04,9.52
1.49,-0.01,9.82
1.38,-0.10,9.57
1.41,-0.09,9.79
1.32,-0.08,9.62
1.43,0.00,9.80
1.32,-0.01,9.61
1.38,0.08,9.87
1.29,-0.01,9.46
0.94,-0.19,9.85
1.01,-0.12,9.59
0.86,-0.16,9.84
0.81,-0.14,9.69
0.69,-0.14,9.79
0.65,-0.10,9.84
0.69,-0.13,9.86
0.81,-0.13,9.69
0.82,-0.09,9.71
0.83,-0.11,9.85
1.01,-0.06,9.48
0.95,-0