9956,9.64,48414
-2.05,-0.20,9.52,48440
-2.02,-0.21,9.62,45,9.46,48339
-2.05,-0.19,9.68,48364
-2.09,-0.33,9.64,48390
-2.09,-0.36,9.64,48414
-2.05,-0.20,9.52,48440
-2.02,-0.21,9.62,48¶0.00,0.00,0.00,2784
0.00,0.00,0.00,2788
0.00,0.00,0.00,2791
0.00,0.00,0.00,2797
0.00,0.00,0.00,2819
0.00,0.00,0.00,2840
0.00,0.00,0.00,2863
0.00,0.00,0.00,2884
0.00,0.00,0.00,2906
0.00,0.00,0.00,2928
0.00,0.00,0.00,2950
0.00,0.00,0.00,2971
0.00,0.00,0.00,2994
0.00,0.00,0.00,3015
0.00,0.00,0.00,3037
0.00,0.00,0.00,3059
0.00,0.00,0.00,3081
0.00,0.00,0.00,3102
0.00,0.00,0.00,3125
0.00,0.00,0.00,3146
0.00,0.00,0.00,3168
0.00,0.00,0.00,3190
0.00,0.00,0.00,3212
0.00,0.00,0.00,3233
0.00,0.00,0.00,3256
0.00,0.00,0.00,3277
-2.20,-0.47,10.28,3302
-2.00,-0.23,9.37,3326
-2.02,-0.21,9.52,3350
-2.10,-0.31,9.44,3375
-2.01,-0.19,9.41,3398
-1.94,-0.19,9.44,3422
-2.09,-0.45,9.68,3446
-2.12,-0.43,9.56,3470
-2.05,-0.36,9.53,3493
-2.04,-0.21,9.46,3518
-2.04,-0.24,9.58,3542
-1.99,-0.29,9.32,3565
-1.97,-0.21,9.35,3590
-2.00,-0.18,9.48,3613
-2.07,-0.46,9.63,3637
-2.09,-0.38,9.47,3661
-2.04,-0.15,9.53,3685
-2.08,-0.20,9.53,3709
-2.11,-0.50,9.71,3733
-2.02,-0.18,9.62,3757
-2.03,-0.20,9.57,3781
-2.07,-0.35,9.54,3805
-2.07,-0.44,9.59,3828
-2.02,-0.15,9.47,3853
-2.09,-0.43,9.55,3876
-2.10,-0.46,9.65,3900
-2.00,-0.24,9.39,3924
-2.00,-0.17,9.63,3948
-2.12,-0.35,9.59,3972
-2.02,-0.21,9.43,3996
-1.99,-0.17,9.38,4020
-2.06,-0.19,9.62,4044
-2.08,-0.37,9.43,4068
-2.05,-0.40,9.47,4091
-2.03,-0.21,9.46,4116
-2.02,-0.24,9.59,4140
-2.06,-0.45,9.53,4163
-2.03,-0.21,9.56,4188
-2.05,-0.24,9.52,4211
-2.11,-0.46,9.70,4235
-2.08,-0.44,9.46,4259
-2.00,-0.12,9.47,4283
-2.11,-0.49,9.65,4307
-2.09,-0.53,9.75,4331
-1.97,-0.19,9.33,4355
-2.02,-0.17,9.59,4379
-2.07,-0.38,9.57,4403
-2.02,-0.14,9.41,4426
-2.03,-0.18,9.55,4451
-2.06,-0.19,9.54,4474
-2.10,-0.50,9.69,4498
-2.02,-0.24,9.34,4523
-2.01,-0.15,9.61,4546
-2.07,-0.35,9.53,4570
-2.08,-0.47,9.68,4594
-2.07,-0.45,9.54,4618
-2.08,-0.14,9.64,4642
-2.10,-0.53,9.61,4666
-2.03,-0.29,9.43,4689
-2.03,-0.15,9.45,4714
-2.01,-0.17,9.60,4738
-2.11,-0.49,9.55,4761
-2.02,-0.17,9.47,4786
-2.04,-0.14,9.48,4809
-2.09,-0.48,9.60,4833
-2.02,-0.18,9.55,4857
-2.00,-0.16,9.53,4881
-2.03,-0.28,9.55,4905
-2.10,-0.52,9.74,4929
-1.98,-0.17,9.40,4953
-2.07,-0.20,9.59,4977
-2.10,-0.47,9.68,5001
-2.05,-0.40,9.48,5024
-2.03,-0.30,9.36,5049
-2.04,-0.25,9.53,5072
-2.08,-0.52,9.68,5096
-1.97,-0.18,9.34,5121
-2.02,-0.21,9.64,5144
-2.06,-0.13,9.56,5168
-2.08,-0.40,9.57,5192
-2.00,-0.19,9.49,5216
-2.07,-0.23,9.61,5240
-2.09,-0.51,9.60,5264
-2.09,-0.50,9.68,5287
-2.02,-0.16,9.47,5312
-2.07,-0.33,9.58,5336
-2.08,-0.45,9.50,5359
-2.02,-0.16,9.45,5384
-2.02,-0.17,9.45,5407
-2.09,-0.50,9.65,5431
-2.03,-0.27,9.39,5455
-2.00,-0.17,9.40,5479
-2.09,-0.35,9.58,5502
-2.10,-0.40,9.59,5527
-1.98,-0.16,9.44,5551
-2.08,-0.18,9.56,5575
-2.04,-0.22,9.55,5599
-2.03,-0.26,9.37,5622
-2.01,-0.17,9.62,5647
-2.08,-0.31,9.50,5670
-2.10,-0.49,9.68,5694
-2.12,-0.45,9.59,5719
-2.02,-0.20,9.64,5742
-2.10,-0.48,9.51,5766
-2.05,-0.33,9.49,5790
-2.00,-0.16,9.45,5814
-2.02,-0.20,9.57,5838
-2.08,-0.49,9.58,5862
-1.99,-0.20,9.37,5885
-2.03,-0.15,9.36,5910
-2.09,-0.44,9.58,5934
-2.11,-0.45,9.45,5957
-2.05,-0.09,9.34,5982
-2.06,-0.22,9.59,6005
-2.11,-0.27,9.44,6029
-1.98,-0.25,9.53,6053
-2.01,-0.20,9.38,6077
-2.08,-0.38,9.66,6100
-2.10,-0.44,9.53,6125
-2.04,-0.37,9.48,6149
-2.09,-0.23,9.56,6173
-2.07,-0.25,9.59,6197
-1.98,-0.27,9.32,6220
-2.01,-0.18,9.62,6245
-2.03,-0.23,9.56,6268
-2.09,-0.42,9.65,6292
-2.02,-0.18,9.35,6317
-2.05,-0.22,9.62,6340
-1.95,-0.46,9.54,6364
-1.96,-0.43,9.85,6388
-2.09,-0.32,9.71,6412
-2.05,-0.10,9.68,6436
-1.89,-0.25,9.52,6460
-1.84,-0.19,9.42,6483
-1.94,-0.23,9.38,6508
-2.01,-0.41,9.67,6532
-1.88,-0.29,9.55,6555
-1.87,-0.20,9.51,6580
-1.91,-0.32,9.52,6603
-1.93,-0.29,9.54,6627
-1.99,-0.26,9.55,6651
-2.02,-0.16,9.48,6675
-2.34,-0.06,9.03,6699
-2.03,-0.49,9.34,6723
-2.83,-0.68,9.30,6747
-2.30,-0.05,9.72,6771
-2.36,-0.31,9.79,6795
-3.06,-0.33,9.10,6818
-3.09,-0.32,9.53,6843
-3.11,-0.46,9.25,6866
-3.54,-0.26,9.20,6890
-3.43,-0.32,8.98,6915
-3.33,-0.15,9.60,6938
-3.64,-0.45,9.19,6962
-3.50,-0.24,9.08,6986
-3.59,-0.16,9.60,7010
-3.90,-0.14,9.08,7033
-3.48,0.01,9.60,7057
-4.16,-0.62,9.25,7080
-3.60,0.00,9.07,7104
-3.57,-0.55,9.67,7128
-3.79,0.03,9.23,7150
-3.87,-0.34,9.22,7175
-3.95,-0.11,9.22,7198
-3.80,-0.27,9.22,7222
-3.55,-0.39,9.40,7246
-3.88,-0.24,9.22,7270
-3.81,-0.06,9.55,7293
-3.34,-0.30,9.34,7318
-3.62,0.09,9.48,7341
-4.12,-0.24,9.29,7364
-3.92,0.00,9.22,7388
-3.93,-0.26,9.19,7411
-3.84,-0.66,9.05,7436
-4.33,-0.64,9.10,7459
-4.12,0.07,9.27,7482
-4.55,0.02,9.20,7505
-4.33,-0.37,9.21,7529
-3.59,-0.70,9.12,7553
-4.72,-0.66,9.22,7577
-4.38,-0.95,9.16,7601
-3.26,-0.32,9.24,7624
-4.24,-1.01,8.90,7649
-4.08,0.22,9.23,7671
-3.71,-0.25,9.17,7695
-3.68,-0.61,9.45,7719
-4.28,0.25,9.40,7742
-4.08,0.38,9.30,7764
-4.06,-0.96,9.03,7789
-4.03,-1.09,8.89,7813
-4.11,-0.87,8.96,7837
-3.63,0.05,9.12,7860
-3.94,1.09,9.44,7882
-3.76,1.20,9.69,7906
-4.56,-1.75,8.96,7929
-3.62,-0.32,8.86,7953
-3.61,0.41,9.19,7976
-4.19,0.84,9.60,7999
-4.33,-1.21,8.64,8023
-4.26,-1.74,8.74,8047
-3.66,-1.13,9.18,8071
-4.22,0.32,9.94,8093
-4.05,0.14,9.64,8117
-3.64,-0.56,9.16,8140
-3.76,0.27,8.99,8163
-3.41,-0.41,8.87,8187
-4.04,-0.23,9.54,8211
-4.26,-1.30,9.11,8236
-3.79,-0.70,9.02,8259
-3.13,0.35,9.31,8282
-3.39,0.05,9.08,8305
-3.59,-0.72,8.94,8329
-3.34,-0.21,9.27,8352
-3.22,0.47,9.22,8376
-3.28,-0.58,9.07,8399
-2.73,0.40,10.40,8423
-3.32,-0.03,9.50,8448
-3.79,-0.18,8.85,8471
-3.32,-0.11,9.37,8495
-3.48,-0.51,9.40,8519
-3.45,-0.85,9.20,8543
-3.37,-0.96,9.22,8567
-3.16,0.22,9.38,8590
-3.34,-1.30,9.43,8613
-3.57,-1.18,9.52,8638
-3.28,-0.20,9.26,8662
-3.28,-0.41,9.66,8685
-3.27,0.54,9.25,8709
-3.67,-1.48,9.27,8732
-3.34,-0.91,9.52,8756
-3.64,-0.01,9.57,8780
-3.51,-0.11,9.40,8804
-3.31,0.06,9.05,8826
-3.61,-0.62,8.69,8851
-3.10,0.04,9.43,8873
-3.05,0.19,8.98,8896
-3.36,-0.41,8.99,8921
-3.27,-0.23,9.28,8944
-3.69,-0.35,9.39,8969
-3.17,-0.45,9.16,8992
-3.33,-0.81,9.62,9016
-3.30,0.15,9.09,9039
-2.84,-0.40,9.59,9063
-3.12,0.08,9.67,9085
-3.23,-0.81,9.33,9110
-3.27,-0.11,9.50,9134
-3.15,-0.30,8.89,9157
-3.42,-0.10,9.22,9182
-3.09,-0.25,9.56,9205
-3.15,-0.13,9.29,9229
-2.89,0.09,9.11,9252
-3.31,-1.29,9.82,9276
-3.15,-0.42,9.81,9300
-3.29,-0.43,9.67,9324
-2.81,0.00,9.78,9347
-3.12,-0.08,9.79,9371
-2.93,-0.16,9.77,9395
-2.62,-0.25,9.42,9418
-2.94,-0.22,9.90,9443
-2.62,-0.13,9.68,9466
-2.92,0.10,9.02,9489
-2.67,0.17,9.13,9512
-2.66,0.33,9.29,9535
-2.74,-0.25,8.93,9559
-2.98,0.35,9.30,9582
-2.62,0.04,9.13,9605
-2.65,-0.56,9.15,9628
-2.91,-0.42,9.20,9653
-2.81,-0.73,9.61,9676
-3.02,-0.07,9.59,9701
-2.87,0.08,9.17,9723
-2.81,-1.11,9.46,9747
-2.38,0.52,9.84,9771
-2.71,0.16,9.81,9793
-2.74,-1.09,9.41,9817
-2.47,-0.21,9.41,9841
-2.48,-0.22,9.89,9865
-2.21,-0.10,9.77,9888
-2.48,-0.14,9.63,9913
-2.25,-0.92,9.38,9936
-2.50,0.14,9.41,9959
-2.21,-0.45,9.47,9984
-2.24,-0.28,9.25,10007
-1.97,0.00,10.00,10033
-2.55,-0.09,9.16,10057
-2.08,-0.22,9.55,10082
-2.53,-0.39,9.34,10107
-2.43,0.04,9.14,10131
-2.33,-0.10,9.47,10156
-2.50,0.33,8.98,10180
-2.17,-0.04,9.47,10205
-2.79,-1.13,9.34,10230
-2.61,-1.05,9.17,10255
-2.46,0.85,9.94,10278
-2.26,0.02,9.21,10303
-2.73,-0.03,9.11,10328
-2.03,-0.74,9.55,10352
-2.47,-0.34,9.16,10378
-2.37,-0.24,9.37,10402
-2.11,0.00,9.65,10426
-2.65,-0.51,9.38,10451
-2.12,-0.74,9.94,10476
-2.61,-0.14,9.18,10502
-2.18,-0.30,9.20,10526
-2.13,0.36,9.77,10550
-2.27,-0.11,9.52,10575
-2.33,-0.50,9.56,10600
-2.09,-0.64,9.77,10625
-2.01,-0.58,9.87,10650
-1.66,0.12,9.69,10674
-1.97,-0.83,9.36,10699
-2.24,-0.66,9.48,10724
-2.00,0.21,9.90,10747
-2.04,0.03,9.14,10772
-2.33,-0.43,9.58,10797
-2.42,-1.22,8.72,10821
-2.23,-0.75,9.00,10847
-2.14,0.80,9.11,10870
-2.00,0.05,9.65,10894
-2.11,-1.07,9.91,10919
-2.13,-0.92,9.48,10944
-2.33,-0.62,9.36,10970
-1.82,0.36,10.00,10994
-2.36,-0.40,9.33,11019
-2.32,-0.67,9.30,11044
-1.96,0.72,9.96,11068
-2.13,0.23,9.51,11091
-2.25,-0.81,9.27,11117
-2.47,-0.37,9.53,11142
-2.65,-0.87,9.14,11167
-2.71,0.11,9.54,11191
-2.54,-0.45,8.87,11215
-2.71,-0.70,8.62,11241
-2.26,-0.79,9.30,11266
-2.75,0.93,9.27,11289
-2.86,-0.18,8.48,11315
-2.80,0.70,9.17,11338
-2.68,0.06,9.24,11363
-2.51,-0.01,9.34,11387
-2.71,-0.21,9.67,11412
-2.77,-1.54,10.20,11439
-2.87,0.31,9.82,11462
-2.45,-0.66,10.27,11488
-2.95,-1.26,10.38,11514
-2.94,-1.13,10.93,11540
-3.80,-2.14,9.71,11566
-2.21,0.74,9.25,11589
-3.31,0.22,9.84,11613
-2.91,-1.58,9.02,11638
-2.86,0.90,8.30,11662
-3.43,-1.38,8.41,11686
-2.76,-0.89,9.64,11712
-3.08,0.74,9.19,11736
-2.78,-0.95,8.30,11761
-3.01,-2.12,8.77,11786
-3.03,0.06,8.95,11809
-3.17,-0.34,8.21,11835
-3.36,0.59,7.81,11858
-3.19,0.46,8.21,11882
-2.73,-0.23,9.94,11908
-3.68,-1.16,9.81,11932
-3.15,-0.48,9.79,11957
-3.94,0.28,9.52,11981
-4.15,0.07,8.27,12005
-3.52,-0.87,10.01,12032
-3.48,-0.41,10.78,12057
-4.23,0.52,7.14,12081
-4.47,-0.04,8.48,12106
-4.32,-1.28,11.19,12132
-4.10,-2.07,9.25,12156
-3.68,-1.59,9.55,12182
-4.16,1.73,8.97,12206
-4.00,-2.27,7.71,12231
-3.62,0.27,8.90,12255
-3.85,-2.17,9.72,12279
-4.67,-1.50,7.70,12305
-3.83,0.91,8.12,12328
-3.91,-0.17,9.60,12353
-4.13,-0.18,9.66,12379
-4.16,-1.37,9.68,12403
-4.54,-0.42,9.43,12429
-4.60,-0.29,9.00,12453
-4.70,-0.47,9.19,12478
-4.67,-0.02,9.72,12504
-4.87,-1.22,8.84,12528
-4.30,-0.10,9.19,12553
-5.28,-0.86,9.64,12578
-3.97,-0.86,8.61,12603
-4.72,0.90,8.79,12627
-4.13,-0.65,7.98,12652
-4.07,1.52,9.30,12676
-4.68,-0.69,9.63,12701
-3.50,-0.39,9.07,12726
-3.94,-0.10,9.96,12750
-3.71,0.14,9.26,12775
-3.82,0.22,8.99,12798
-3.89,-0.19,8.81,12823
-3.97,-1.02,8.81,12849
-3.92,1.01,9.17,12872
-3.78,-0.73,9.02,12898
-3.97,-0.81,9.11,12922
-4.14,-0.09,10.11,12948
-3.83,-0.89,9.79,12974
-3.48,-0.02,9.17,12998
-3.92,-1.39,10.10,13024
-3.15,0.58,9.61,13048
-3.05,-0.22,9.96,13073
-3.48,-0.13,9.07,13099
-3.56,0.56,8.53,13122
-2.81,0.13,8.76,13146
-3.52,-0.05,9.83,13171
-3.48,0.41,9.39,13195
-3.44,-0.08,8.93,13219
-3.80,-0.24,9.33,13245
-3.50,0.46,9.59,13268
-3.93,-0.24,9.64,13294
-3.75,-0.29,9.75,13319
-3.48,0.47,9.68,13342
-4.06,-0.71,9.48,13368
-3.88,-0.02,8.98,13392
-4.09,-0.77,8.93,13417
-3.56,-0.82,8.66,13443
-3.84,0.43,8.51,13466
-3.19,0.07,8.95,13490
-3.54,0.09,8.44,13514
-3.60,0.32,9.06,13538
-3.16,-0.36,8.45,13563
-3.04,0.15,9.11,13587
-3.14,0.23,9.38,13611
-3.23,-0.16,8.69,13636
-3.91,-0.42,8.95,13661
-3.22,-0.58,8.83,13685
-3.44,-0.81,9.13,13711
-3.63,0.00,8.38,13734
-2.95,-0.22,8.82,13760
-2.87,-0.57,9.00,13785
-2.27,-0.07,8.30,13809
-3.35,-0.85,9.48,13835
-2.63,0.95,9.42,13858
-3.38,1.27,9.98,13882
-4.70,-0.08,10.34,13908
-3.63,-2.32,9.30,13933
-3.24,-1.38,10.04,13960
-2.24,-2.70,9.06,13984
-2.64,0.63,9.31,14008
-3.88,0.69,10.19,14033
-3.27,-2.42,11.55,14059
-2.51,0.57,10.45,14084
-2.65,0.30,8.56,14108
-2.34,-2.71,10.49,14134
-2.04,1.81,10.81,14159
-3.13,-2.79,9.02,14184
-2.16,1.65,9.44,14208
-1.47,-3.50,10.51,14234
-2.02,-0.34,10.52,14260
-0.26,0.38,9.78,14283
-1.63,-1.73,9.76,14309
-1.68,-0.39,8.87,14333
-1.98,-0.75,10.00,14360
-2.37,-0.05,9.42,14385
-1.83,0.90,9.11,14408
-1.57,-0.30,9.88,14434
-1.85,-0.27,9.90,14458
-1.09,-1.20,9.11,14483
-0.86,-0.10,9.86,14509
-1.54,-0.15,9.46,14533
-1.74,-0.37,9.02,14559
-1.59,-0.47,9.68,14583
-1.47,-0.04,9.73,14608
-1.77,-0.45,10.09,14635
-1.94,-1.34,8.91,14659
-1.67,-0.65,9.81,14684
-1.55,-0.44,9.79,14709
-2.24,0.03,8.94,14733
-1.76,-1.48,10.28,14759
-1.27,-2.02,11.44,14785
-2.39,-0.70,9.15,14810
-1.88,-0.59,11.27,14836
-1.24,-0.34,10.96,14862
-2.51,-0.79,9.82,14886
-1.16,0.28,10.27,14912
-1.33,0.55,9.53,14936
-1.71,-0.22,9.63,14961
-1.62,0.83,8.45,14985
-1.94,0.98,9.15,15008
-1.59,-0.16,8.37,15034
-0.20,-0.59,9.76,15058
-4.80,-2.66,10.92,15084
-1.01,-0.48,10.12,15111
-1.72,1.01,10.52,15135
-1.53,1.54,9.25,15160
-1.67,-1.87,8.42,15184
-2.01,-0.22,9.61,15209
-1.11,-0.40,9.20,15235
-1.06,-0.22,9.35,15259
-1.90,0.26,9.30,15283
-1.11,-0.09,8.42,15308
-1.38,-0.43,9.76,15333
-1.58,0.54,9.21,15357
-1.35,-0.24,10.23,15383
-1.73,0.05,9.83,15407
-1.41,-0.57,9.42,15432
-1.68,0.27,10.19,15457
-2.43,-0.71,9.09,15481
-1.53,-0.30,9.64,15507
-1.67,-0.47,10.40,15533
-2.07,-0.92,9.90,15558
-2.03,-1.00,9.70,15583
-0.64,1.47,9.56,15606
-3.03,1.11,10.93,15632
-2.02,-0.74,9.85,15656
-2.25,-1.01,11.15,15682
-2.37,-0.22,9.92,15708
-1.56,0.64,9.00,15731
-2.31,-0.42,9.22,15757
-1.74,0.13,8.80,15780
-1.67,-1.00,8.78,15805
-2.24,-0.64,9.15,15831
-1.86,-0.76,8.91,15855
-1.72,-0.66,9.45,15880
-1.54,-0.38,9.36,15905
-1.62,-0.49,10.14,15931
-1.84,-1.20,9.68,15956
-1.20,-0.73,9.55,15981
-1.55,-0.14,9.78,16006
-1.96,-0.53,10.07,16032
-1.82,-0.15,9.18,16057
-1.52,-0.60,8.68,16081
-0.79,-1.29,9.37,16107
-1.95,0.73,10.31,16132
-1.63,-0.77,10.26,16158
-1.85,-0.10,9.78,16183
-1.29,-0.84,10.02,16208
-2.60,-1.63,10.29,16235
-1.76,0.11,10.36,16260
-2.09,-0.48,9.85,16284
-1.84,-1.00,9.49,16310
-2.01,-0.33,10.30,16335
-1.94,-0.13,9.84,16361
-1.80,0.33,9.83,16385
-1.57,0.03,9.61,16408
-1.46,-0.05,7.94,16434
-0.85,0.91,9.22,16457
-2.26,0.17,10.50,16482
-1.17,-0.92,8.88,16507
-1.73,0.27,8.88,16531
-1.88,-0.36,8.97,16557
-2.09,0.13,10.66,16581
-1.05,0.20,10.02,16606
-1.66,-0.59,9.04,16631
-1.14,-0.37,9.83,16656
-1.04,-0.34,9.77,16680
-1.08,-0.19,9.72,16706
-1.52,-0.88,9.86,16731
-0.95,-0.74,10.10,16757
-1.84,-1.19,10.05,16783
-1.09,0.07,9.64,16806
-1.11,-0.55,9.45,16832
-1.69,-0.50,9.83,16857
-0.80,-1.16,9.45,16881
-0.79,-0.61,10.88,16908
-0.81,0.57,10.41,16932
0.25,-0.87,10.04,16958
-1.09,-0.74,11.21,16984
-0.51,-0.43,11.28,17009
0.68,0.09,11.21,17034
2.11,-1.73,10.75,17058
0.61,-1.25,10.84,17083
0.18,-0.87,10.41,17108
5.03,-0.93,9.35,17132
2.15,0.56,9.47,17156
0.97,0.03,8.34,17178
1.13,-0.65,8.22,17202
1.69,0.73,7.66,17225
1.64,0.56,8.82,17248
1.19,-0.63,8.93,17271
1.42,-0.13,8.80,17296
1.23,-0.26,9.46,17319
1.29,-0.73,9.45,17343
1.21,-1.25,10.18,17369
0.77,-0.79,10.47,17393
1.44,-0.79,10.41,17419
0.94,-0.34,10.62,17443
1.17,-0.53,10.86,17468
0.97,-1.07,10.59,17494
1.10,-0.23,10.97,17518
1.20,-0.51,10.99,17543
0.60,-0.72,11.33,17568
0.33,-1.10,10.49,17593
0.64,-0.63,8.99,17616
0.81,-1.08,8.72,17641
0.32,-0.63,8.36,17665
1.53,0.52,8.72,17688
-0.59,-1.60,8.74,17713
-0.46,0.91,9.05,17736
0.55,0.54,9.02,17760
0.39,0.19,9.22,17782
0.13,-0.77,9.06,17806
0.44,-0.76,9.52,17830
0.19,0.59,9.66,17853
0.14,-0.62,9.69,17876
-0.27,0.68,9.11,17901
-0.01,-1.31,9.40,17926
-0.23,-1.01,10.19,17952
0.20,0.15,10.24,17976
0.55,-1.08,10.25,18000
0.98,-0.50,11.21,18026
0.12,-0.91,12.04,18051
0.14,-1.74,12.00,18075
0.11,-1.18,12.05,18101
0.09,-1.10,11.77,18125
0.17,-0.13,11.39,18151
-0.02,-0.56,10.53,18177
0.28,-0.65,9.72,18200
0.24,-0.79,9.64,18225
0.20,-0.54,8.97,18248
0.18,-0.87,8.72,18272
0.18,-0.81,8.59,18296
-0.10,-0.24,8.57,18321
-0.11,-0.06,8.56,18345
-0.32,-0.27,9.19,18371
-0.06,-0.01,9.03,18396
-0.78,-1.11,8.81,18421
-0.87,-0.50,9.08,18446
-0.73,0.02,9.53,18469
-1.20,-0.44,9.29,18495
-1.24,-0.34,9.02,18520
-0.74,0.00,8.39,18543
-0.80,0.02,8.09,18568
-0.96,-0.37,8.83,18592
-0.81,-0.22,9.68,18618
-0.92,0.10,9.57,18641
-0.83,-0.45,9.71,18666
-1.31,-0.92,11.06,18693
-1.42,-0.81,11.37,18718
-1.43,-1.28,12.16,18744
-0.59,-1.59,12.27,18770
-0.84,-1.56,11.26,18796
-0.86,-1.56,10.85,18823
-0.52,-0.59,9.99,18847
-0.74,-0.45,9.93,18872
-0.65,-0.79,9.15,18897
-0.41,-0.64,8.90,18922
-0.63,-1.09,8.95,18947
-0.58,-0.54,9.26,18972
-0.72,-0.31,9.07,18997
-0.83,-1.26,8.66,19022
-0.75,-0.54,8.69,19047
-0.90,-0.39,8.96,19072
-0.98,-0.56,9.33,19097
-0.93,-0.22,9.16,19122
-1.09,-0.34,9.39,19146
-1.20,-0.53,9.70,19172
-1.10,-0.67,10.06,19197
-1.03,-0.48,10.07,19224
-1.05,-0.66,10.37,19250
-1.15,-0.76,10.68,19275
-1.25,-1.05,10.40,19302
-1.22,-0.57,9.71,19326
-1.10,-0.66,9.71,19352
-1.11,-0.23,9.47,19377
-1.13,-0.19,9.42,19401
-0.99,-0.21,9.45,19427
-0.93,-0.47,9.52,19451
-1.09,-0.28,9.19,19476
-1.18,-0.40,9.22,19502
-1.09,-0.45,9.11,19526
-1.12,-0.22,9.13,19552
-1.21,-0.60,9.11,19576
-1.48,-0.70,9.57,19601
-1.53,-0.70,9.59,19627
-1.32,-0.50,9.88,19651
-1.75,-0.78,10.06,19677
-1.74,-0.89,10.10,19703
-1.62,-0.66,10.09,19729
-1.82,-1.02,9.82,19755
-1.85,-0.83,9.85,19779
-2.01,-1.18,9.91,19804
-1.61,-1.10,9.79,19829
-1.65,-0.94,9.39,19854
-1.77,-1.19,9.65,19878
-1.88,-1.08,9.38,19904
-1.79,-0.81,9.42,19929
-1.63,-0.94,9.50,19954
-1.83,-0.81,9.32,19979
-1.72,-0.68,9.17,20003
-1.86,-0.91,9.47,20029
-1.56,-0.64,9.43,20054
-1.50,-0.46,9.50,20078
-1.57,-0.50,9.56,20104
-1.43,-0.62,9.63,20128
-1.27,-0.79,9.37,20154
-1.38,-0.91,9.84,20178
-1.25,-0.78,9.88,20203
-1.09,-1.04,10.16,20230
-0.90,-0.79,9.65,20254
-0.88,-1.07,9.96,20279
-0.90,-0.94,9.79,20304
-0.83,-0.93,9.73,20329
-0.89,-0.96,9.68,20355
-0.88,-0.93,9.77,20379
-0.99,-0.92,9.79,20404
-0.91,-0.73,9.78,20429
-0.79,-0.58,9.52,20454
-0.90,-0.82,9.74,20478
-0.95,-0.65,9.51,20504
-1.01,-0.82,9.86,20529
-0.84,-0.78,9.71,20554
-0.79,-0.77,9.65,20579
-1.04,-0.87,9.56,20603
-0.91,-0.66,9.80,20629
-0.96,-0.56,9.63,20654
-1.21,-0.80,9.52,20678
-1.14,-0.66,9.67,20704
-1.04,-0.72,9.84,20728
-1.21,-1.02,9.50,20754
-1.21,-0.86,9.66,20779
-1.16,-0.80,9.72,20803
-1.15,-0.75,9.58,20829
-1.17,-0.82,9.50,20853
-1.16,-0.78,9.55,20878
-1.18,-0.86,9.40,20903
-1.25,-0.94,9.60,20928
-1.16,-0.85,9.54,20954
-1.17,-0.74,9.67,20978
-1.23,-0.78,9.49,21003
-1.28,-0.91,9.79,21028
-1.22,-0.68,9.66,21053
-1.22,-0.64,9.63,21078
-1.29,-0.87,9.56,21103
-1.28,-0.82,9.68,21128
-1.25,-0.75,9.56,21153
-1.39,-0.98,9.74,21178
-1.27,-0.85,9.62,21202
-1.25,-0.88,9.80,21228
-1.34,-0.99,9.62,21253
-1.18,-0.93,9.70,21277
-1.14,-0.77,9.57,21303
-1.04,-0.79,9.48,21327
-1.05,-0.88,9.65,21353
-1.50,-0.83,9.69,21378
-1.61,-0.94,9.51,21402
-2.01,-0.97,9.59,21428
-1.97,-0.78,9.57,21452
-2.34,-0.72,9.45,21477
-2.47,-0.95,9.41,21502
-2.67,-0.78,9.24,21527
-2.79,-0.77,9.67,21553
-2.95,-0.77,9.43,21577
-3.12,-0.80,9.23,21602
-3.07,-0.63,9.27,21627
-3.10,-0.71,9.30,21652
-2.93,-0.77,9.40,21677
-2.86,-0.82,9.30,21702
-2.41,-0.65,9.47,21727
-2.25,-1.01,9.38,21752
-2.07,-0.78,10.00,21778
-2.09,-0.93,9.52,21803
-2.12,-0.58,9.49,21828
-2.38,-0.92,9.45,21853
-2.47,-0.91,9.56,21878
-2.54,-0.74,9.24,21903
-2.52,-0.69,9.51,21927
-2.70,-0.98,9.42,21953
-2.52,-0.88,9.64,21978
-2.38,-0.78,9.46,22002
-2.34,-0.85,9.59,22028
-2.39,-0.95,9.62,22052
-2.22,-0.66,9.51,22078
-2.32,-0.80,9.31,22103
-2.39,-0.87,9.46,22127
-2.36,-0.69,9.31,22153
-2.40,-0.64,9.41,22177
-2.49,-0.94,9.35,22202
-2.50,-0.91,9.59,22227
-2.41,-0.71,9.39,22252
-2.41,-0.67,9.45,22278
-2.47,-0.98,9.36,22302
-2.47,-0.92,9.48,22327
-2.35,-0.67,9.32,22352
-2.33,-0.67,9.50,22377
-2.30,-0.96,9.40,22402
-2.44,-0.95,9.52,22427
-2.35,-0.65,9.31,22452
-2.40,-0.69,9.46,22477
-2.48,-0.90,9.56,22502
-2.39,-0.88,9.47,22526
-2.59,-0.72,9.18,22552
-2.41,-0.74,9.46,22577
-2.48,-0.92,9.34,22601
-2.46,-0.88,9.48,22627
-2.35,-0.82,9.38,22651
-2.25,-0.98,9.49,22677
-2.06,-0.61,9.56,22702
-2.02,-0.91,9.90,22726
-2.11,-0.88,9.55,22752
-2.03,-0.83,9.66,22776
-2.17,-1.13,9.48,22801
-2.14,-0.90,9.65,22827
-2.11,-0.91,9.42,22851
-2.03,-0.75,9.41,22877
-2.20,-0.90,9.53,22901
-2.39,-0.84,9.57,22926
-2.23,-0.88,9.22,22951
-2.38,-0.90,9.34,22976
-2.72,-0.36,9.54,23001
-2.77,-0.39,9.73,23026
-2.78,-0.88,9.07,23051
-3.04,-0.25,9.32,23076
-3.25,-1.56,9.15,23101
-3.35,-1.07,9.02,23126
-3.42,-1.41,8.98,23151
-3.72,-1.55,9.14,23176
-3.52,-1.61,8.86,23200
-3.79,-1.07,9.23,23226
-3.70,-1.13,9.37,23250
-3.83,-1.47,9.03,23276
-3.98,-1.64,8.90,23301
-4.04,-1.54,8.90,23325
-4.05,-1.57,8.85,23351
-4.23,-0.87,9.11,23375
-3.83,-1.25,9.17,23400
-4.03,-1.71,8.98,23426
-3.82,-0.32,9.48,23450
-4.03,-1.42,8.90,23476
-3.85,-1.40,9.09,23500
-3.75,-0.88,9.03,23525
-3.82,-0.32,9.21,23550
-4.11,-1.35,8.77,23575
-4.26,0.24,9.35,23599
-4.60,0.26,9.59,23623
-4.77,-0.31,9.18,23648
-4.46,0.55,9.68,23671
-4.58,0.11,9.35,23696
-4.20,-1.96,8.62,23720
-4.47,-2.43,8.71,23746
-4.32,0.98,9.64,23770
-4.36,0.83,9.50,23793
-4.23,-0.04,9.34,23819
-3.86,-0.20,9.06,23843
-4.13,-0.38,8.79,23868
-4.55,0.44,9.00,23892
-4.44,-2.01,8.75,23917
-4.09,-2.22,8.48,23943
-4.54,-2.14,8.60,23967
-4.65,1.28,9.69,23991
-4.02,-0.56,8.81,24016
-4.24,-0.01,8.83,24041
-4.48,0.61,9.15,24065
-4.37,0.73,9.70,24089
-4.03,-2.54,8.65,24114
-3.99,-2.35,9.44,24138
-4.31,-1.84,8.91,24164
-4.11,-0.60,9.78,24188
-3.73,-0.54,9.95,24214
-4.14,-0.97,9.86,24239
-4.03,-1.06,9.24,24263
-3.72,0.98,10.39,24289
-3.81,1.19,9.96,24312
-3.97,-2.31,8.50,24337
-3.82,-2.48,8.14,24363
-3.73,0.89,9.29,24386
-4.20,0.05,9.07,24411
-4.56,0.78,9.04,24434
-4.47,-1.76,8.22,24459
-5.10,-1.39,8.91,24484
-4.66,0.59,8.94,24508
-4.75,0.80,9.34,24531
-5.07,0.19,9.31,24556
-4.72,-1.89,8.80,24581
-4.39,-2.30,8.80,24605
-3.60,1.37,9.59,24630
-3.39,0.69,9.38,24653
-3.23,-0.41,8.87,24679
-3.55,-1.12,8.36,24704
-3.28,-0.21,8.60,24728
-3.10,-0.63,8.49,24754
-3.27,0.79,8.53,24777
-2.86,0.28,9.22,24801
-2.88,0.48,9.24,24825
-3.20,0.00,9.07,24849
-3.39,0.51,9.42,24873
-3.21,-0.45,9.35,24898
-3.62,-0.36,9.81,24923
-3.45,-0.20,9.99,24948
-3.41,-0.20,10.03,24974
-3.14,0.37,9.91,24997
-3.17,0.74,10.20,25023
-2.99,0.09,9.64,25047
-2.86,0.11,9.83,25070
-2.20,0.78,9.54,25095
-2.18,0.75,9.32,25118
-2.52,1.36,10.80,25144
-2.79,0.24,10.19,25168
-2.71,0.65,9.41,25192
-2.25,0.21,9.69,25217
-2.90,0.51,8.91,25240
-2.85,1.74,8.15,25264
-2.24,0.77,8.88,25288
-2.82,1.66,8.88,25312
-2.84,1.54,8.94,25335
-2.68,1.44,8.68,25360
-2.45,1.54,8.87,25383
-2.62,1.35,8.90,25408
-1.82,2.23,9.04,25432
-2.05,1.26,9.07,25455
-2.36,1.81,9.23,25480
-1.93,1.87,9.12,25503
-1.83,2.19,8.93,25527
-1.89,2.00,8.65,25551
-1.60,2.68,9.37,25575
-1.91,1.91,9.71,25598
-2.00,1.93,10.22,25624
-1.81,2.18,9.95,25648
-1.94,2.08,10.42,25673
-1.66,2.33,11.01,25698
-1.84,2.14,10.80,25722
-1.73,1.88,10.67,25748
-2.03,1.83,11.08,25773
-2.02,2.28,10.68,25797
-1.88,1.68,10.19,25823
-2.06,1.94,9.57,25846
-1.97,1.68,9.37,25870
-1.86,1.95,9.25,25894
-2.08,2.14,9.47,25918
-1.69,2.42,9.66,25943
-1.91,2.09,9.55,25966
-1.98,2.01,9.41,25990
-1.83,2.43,9.53,26014
-1.95,2.30,9.69,26038
-1.42,3.14,8.86,26061
-1.72,2.66,9.12,26086
-1.97,3.34,9.28,26109
-1.88,3.13,9.23,26133
-2.08,3.22,8.96,26158
-1.99,3.06,8.89,26181
-1.93,2.80,8.92,26206
-2.07,3.11,9.33,26229
-2.07,3.36,9.35,26253
-2.09,3.02,9.52,26277
-2.17,3.12,9.57,26301
-2.24,3.82,9.90,26324
-2.38,3.00,9.90,26349
-2.13,3.44,9.57,26373
-2.28,3.62,9.96,26396
-2.02,3.08,10.31,26422
-2.09,3.14,10.36,26446
-2.13,3.59,10.69,26472
-2.00,3.73,9.68,26496
-1.79,2.91,9.90,26519
-1.91,3.83,9.86,26544
-1.97,2.80,9.92,26567
-2.33,3.15,9.44,26591
-2.38,3.38,9.14,26615
-2.15,3.03,8.93,26639
-3.36,-4.54,5.87,26663
-3.92,-0.50,6.08,26689
-3.53,2.92,9.60,26713
-2.45,0.86,11.50,26738
-2.49,0.37,8.82,26762
-2.31,4.48,9.16,26785
-2.67,1.83,8.64,26810
-4.63,2.59,7.27,26833
-3.20,-1.91,14.70,26859
-3.10,1.79,9.88,26884
-2.87,2.80,9.03,26907
-3.17,0.97,10.53,26932
-5.06,0.78,11.30,26957
-3.78,0.81,8.30,26981
-3.47,1.49,9.16,27005
-3.30,1.49,8.71,27029
-3.19,1.25,10.18,27054
-3.52,1.84,9.60,27078
-3.27,1.98,9.46,27102
-3.21,1.20,9.88,27125
-3.12,1.06,10.70,27151
-3.01,1.40,10.52,27175
-2.55,1.35,9.83,27199
-3.05,1.13,9.88,27224
-2.73,0.98,10.15,27248
-3.01,0.93,10.35,27274
-2.70,1.03,10.02,27298
-3.12,1.71,9.02,27322
-2.67,1.42,9.34,27346
-2.99,1.05,8.61,27370
-3.30,1.57,8.60,27394
-3.00,1.02,9.31,27418
-2.76,0.64,9.93,27442
-3.15,0.63,9.35,27465
-2.89,-0.17,9.76,27491
-2.76,0.81,9.40,27514
-3.01,1.38,8.77,27539
-3.09,0.21,9.25,27563
-3.00,0.58,8.52,27586
-3.01,-0.64,9.94,27612
-3.07,-0.66,9.98,27636
-2.90,-0.59,9.11,27661
-3.15,-0.09,9.21,27686
-2.81,-1.13,10.07,27712
-2.93,-0.57,9.84,27738
-2.63,-0.92,9.77,27762
-2.70,-1.03,9.07,27787
-2.87,-1.34,9.65,27812
-2.82,-2.03,10.03,27838
-2.67,-1.00,8.59,27863
-2.51,-1.57,9.01,27888
-2.60,-1.63,9.68,27913
-2.52,-2.15,10.01,27939
-2.56,-1.27,8.99,27964
-2.55,-1.26,8.71,27988
-2.30,-1.51,8.99,28014
-2.43,-1.17,9.24,28039
-2.65,-1.54,9.47,28063
-2.06,-1.10,9.13,28089
-2.30,-1.21,9.24,28113
-2.13,-1.25,9.83,28139
-2.40,-0.91,9.87,28164
-2.15,-1.77,9.22,28188
-2.46,-1.98,9.90,28214
-2.21,-0.48,8.97,28238
-2.31,-1.11,8.83,28263
-2.44,1.27,10.25,28289
-3.04,-6.01,9.56,28313
-1.37,0.90,10.73,28339
-2.29,-1.10,9.92,28363
-2.22,-1.27,9.56,28388
-1.98,-0.75,9.31,28413
-1.80,-0.51,10.04,28439
-1.70,-0.50,9.42,28464
-1.79,-0.85,10.00,28490
-1.83,-0.89,9.98,28515
-1.93,-1.34,10.16,28541
-1.86,-1.37,9.80,28566
-1.65,-1.02,8.73,28591
-1.66,-0.68,9.14,28616
-1.68,-0.94,9.83,28641
-1.52,-1.06,9.15,28665
-1.62,-0.54,9.48,28691
-2.14,-0.81,9.38,28716
-1.53,-0.61,9.52,28741
-1.44,-1.62,9.83,28766
-1.74,-0.79,9.28,28790
-1.80,-0.57,9.14,28816
-1.78,-0.70,9.65,28840
-1.47,-0.28,9.00,28865
-1.53,-0.27,9.97,28891
-1.67,-1.09,9.71,28915
-1.75,-0.83,10.06,28942
-1.85,-1.01,10.27,28967
-1.61,-1.08,9.91,28992
-1.52,-0.78,9.95,29018
-1.69,-0.99,9.72,29042
-2.05,-0.66,8.61,29068
-1.53,-0.44,9.03,29092
-1.85,-0.72,9.47,29117
-1.65,-0.89,9.57,29143
-1.77,-0.68,9.60,29167
-1.93,-0.67,9.20,29192
-1.68,-0.59,9.05,29217
-1.81,-0.98,9.19,29242
-1.57,-0.74,9.44,29267
-1.97,-1.09,9.35,29292
-1.92,-0.86,9.48,29317
-1.99,-1.13,9.96,29342
-1.50,-0.35,9.56,29367
-1.77,-0.93,9.55,29391
-1.84,-0.47,9.34,29417
-1.50,-0.16,9.22,29442
-1.84,-0.78,9.34,29467
-1.73,-0.08,8.89,29492
-1.66,-0.88,7.72,29516
-1.36,-1.10,9.62,29542
-1.44,-0.54,10.48,29568
-1.97,-0.84,9.45,29592
-1.65,0.20,9.42,29617
-2.47,-0.81,9.24,29641
-2.24,-0.82,9.49,29667
-2.38,-0.36,10.13,29692
-2.43,-0.90,10.32,29718
-1.90,-0.82,10.09,29745
-1.55,-0.37,11.24,29770
-1.57,-0.76,10.80,29796
-1.72,-1.45,11.30,29822
-1.88,-1.03,10.23,29848
-1.81,0.10,10.65,29874
-1.97,-0.06,9.96,29898
-1.98,-1.69,7.39,29923
-2.22,-1.06,8.56,29948
-2.78,-2.02,9.45,29973
-2.94,-0.86,9.30,29999
-2.85,0.07,9.14,30022
-2.62,-0.56,9.26,30047
-2.70,-0.02,8.70,30072
-2.41,-0.86,9.95,30097
-2.59,-0.58,10.39,30123
-2.50,-0.20,10.01,30149
-2.35,-0.70,10.31,30175
-2.88,-1.14,11.39,30201
-1.79,-0.14,11.94,30227
-3.31,-0.44,11.24,30253
-2.17,-0.07,7.75,30278
-2.21,0.29,9.99,30302
-2.72,-0.62,8.44,30326
-1.88,-1.17,7.20,30352
-1.91,-0.81,7.28,30376
-2.16,-0.73,8.37,30402
-1.94,-1.00,8.36,30427
-1.72,-1.21,9.13,30451
-1.86,-0.88,7.10,30477
-1.70,-0.85,7.33,30501
-2.33,-1.19,10.01,30527
-2.55,-1.40,8.24,30553
-2.53,-0.71,7.07,30577
-2.22,-1.01,9.24,30603
-3.56,-0.88,10.47,30628
-2.86,0.61,11.06,30653
-2.40,0.17,8.16,30678
-1.28,-0.57,8.90,30702
-3.02,-0.24,8.08,30727
-2.68,0.24,4.99,30751
-2.12,0.70,6.69,30775
0.77,-2.28,9.99,30799
-5.68,-0.91,7.18,30824
-2.87,-0.32,8.35,30849
-2.09,-0.19,7.29,30874
-1.75,-0.34,6.82,30899
-3.00,-0.79,10.99,30924
-3.18,-1.04,10.30,30951
-1.88,-0.47,9.64,30976
-1.82,-4.34,6.98,31001
-1.61,-0.76,12.52,31027
-2.74,-0.18,12.09,31052
-1.08,0.74,10.26,31078
-3.60,-1.40,11.97,31104
-2.71,-1.79,10.84,31130
-2.35,-1.28,12.57,31156
-2.81,-0.82,12.06,31181
-2.42,-0.14,11.17,31208
-2.51,-0.27,10.81,31234
-2.61,-0.49,9.30,31258
-2.61,-0.77,9.02,31284
-2.57,-0.44,9.16,31308
-3.06,-0.56,9.29,31334
-1.26,-1.54,5.85,31358
-2.74,0.69,9.46,31382
-3.53,-3.28,11.37,31409
-2.84,0.07,10.05,31433
-2.85,-1.17,11.93,31459
-4.56,-0.27,11.94,31485
-2.55,-0.85,10.39,31511
-3.03,-0.87,9.97,31537
-2.74,0.17,9.38,31560
-3.25,-0.11,8.70,31585
-2.27,-0.81,8.23,31610
-2.59,-1.25,9.61,31635
-2.85,-1.16,9.28,31660
-2.57,-1.06,8.95,31685
-2.32,-0.61,8.46,31710
-2.39,0.06,8.49,31734
-2.53,-0.46,8.57,31759
-2.37,-0.62,9.26,31783
-2.47,-0.19,9.71,31809
-2.56,-0.33,9.47,31834
-2.74,-0.43,9.87,31858
-2.58,-0.35,9.04,31884
-2.51,-0.67,9.24,31908
-2.75,-0.52,9.44,31934
-2.61,-1.00,9.58,31959
-2.73,-0.84,9.64,31983
-3.16,-0.82,9.55,32009
-3.08,-0.64,9.76,32033
-3.36,-0.80,9.78,32058
-2.62,-0.61,9.50,32083
-2.82,-0.72,10.04,32109
-2.96,-0.66,9.58,32135
-3.41,-0.43,9.66,32159
-3.00,0.30,10.02,32184
-3.04,-0.40,9.33,32209
-3.09,-0.54,9.04,32234
-2.94,-0.88,9.17,32259
-3.10,-1.09,9.33,32284
-3.21,-0.99,9.58,32309
-3.03,-0.60,9.48,32334
-3.02,-0.63,9.74,32359
-3.04,-0.99,9.52,32384
-2.85,-0.69,9.38,32409
-2.96,-0.76,9.64,32434
-2.88,-0.99,9.34,32458
-2.95,-0.41,9.47,32484
-3.21,-0.98,9.02,32508
-2.96,-0.61,9.51,32534
-3.08,-0.61,9.45,32559
-2.95,-0.82,9.07,32583
-2.82,-1.43,9.23,32609
-3.72,-1.34,8.37,32633
-2.28,0.30,9.41,32657
-3.28,0.37,10.52,32683
-3.17,-1.17,9.78,32707
-2.91,-0.22,10.02,32734
-2.74,-0.35,9.35,32758
-2.78,-0.58,9.18,32783
-2.70,-1.17,9.98,32808
-2.49,-0.45,8.65,32833
-2.51,-0.42,8.90,32858
-2.67,-0.27,10.04,32884
-2.60,-1.20,8.71,32909
-2.23,-1.12,6.21,32934
-2.71,-0.88,8.99,32959
-2.90,-0.95,8.79,32984
-3.35,0.32,7.87,33008
-2.07,-0.79,10.47,33034
-2.16,-0.75,9.10,33058
-2.48,0.11,6.60,33083
-1.80,-0.44,9.83,33107
-2.32,-0.02,9.16,33133
-2.08,-0.45,8.65,33158
-2.32,-0.93,9.94,33182
-2.82,-0.76,9.50,33208
-2.37,-1.52,10.33,33233
-2.07,-0.84,10.47,33260
-2.88,-0.25,9.56,33285
-1.86,0.00,10.01,33309
-2.12,-0.05,9.78,33335
-2.59,-1.17,9.91,33359
-2.00,-0.37,8.80,33384
-1.87,-0.74,11.01,33411
-2.37,-0.31,9.98,33435
-2.16,0.12,9.80,33460
-1.44,-0.22,9.21,33484
-1.91,-0.51,8.88,33509
-2.00,-1.04,8.52,33534
-2.02,-0.67,8.88,33559
-2.36,-0.52,9.56,33584
-1.39,0.35,9.88,33608
-2.17,-1.84,10.45,33634
-2.00,-0.12,8.31,33659
-2.17,0.67,7.77,33683
-2.05,-0.68,8.93,33708
-4.32,1.21,10.42,33733
-2.63,-1.25,9.56,33758
-2.12,-1.49,10.71,33783
-2.70,-1.74,11.01,33810
-2.30,-0.99,9.72,33835
-2.30,0.00,9.89,33859
-2.24,-0.78,9.18,33884
-1.72,0.25,8.73,33907
-1.11,-1.22,9.38,33933
-2.77,0.00,9.42,33956
-1.91,-2.24,10.23,33982
-3.19,-2.71,8.29,34008
-3.19,-2.00,8.82,34032
-1.83,-1.49,8.43,34057
-2.27,0.20,8.13,34081
-2.62,-1.11,9.24,34106
-2.17,-0.46,9.63,34131
-2.13,0.19,8.60,34155
-2.34,-0.01,8.89,34180
-1.70,-0.31,8.37,34205
-1.74,-1.15,8.86,34230
-1.67,-0.85,9.64,34254
-1.61,-0.44,8.54,34280
-1.56,-1.03,10.29,34306
-1.89,-0.96,9.84,34331
-1.62,-1.69,11.01,34357
-1.89,-0.09,10.92,34382
-1.62,-1.11,10.07,34409
-1.91,-0.73,9.46,34434
-1.88,-0.30,9.11,34459
-2.12,-0.49,9.77,34484
-1.68,-0.65,9.49,34508
-1.79,-0.27,10.26,34535
-1.50,-1.32,9.21,34560
-1.42,-0.28,9.40,34584
-1.35,-2.57,10.01,34611
-2.51,-1.40,10.72,34636
-2.05,-1.39,9.16,34662
-2.02,-1.62,8.88,34686
-2.32,-1.35,10.55,34712
-2.25,-1.41,9.02,34738
-2.47,-0.99,8.73,34762
-2.17,-0.52,9.14,34787
-2.25,-1.04,9.52,34812
-2.31,-2.06,9.81,34837
-2.19,-1.42,9.76,34863
-1.98,-0.79,9.56,34887
-2.14,-0.38,10.14,34913
-1.82,-0.81,10.14,34939
-2.53,-0.07,9.55,34964
-1.91,0.23,9.36,34988
-1.21,-1.07,9.19,35013
-1.81,-1.10,9.72,35038
-1.78,-1.32,10.34,35064
-2.38,-0.77,10.29,35090
-1.91,0.07,9.67,35113
-1.90,-0.52,10.51,35140
-1.97,-0.93,9.39,35165
-1.44,-0.50,9.63,35190
-0.95,-0.45,9.43,35215
-1.78,0.44,8.44,35238
-2.32,-1.22,10.87,35265
-2.47,-1.89,11.42,35291
-1.90,-0.56,9.43,35315
-2.32,-1.24,10.55,35342
-2.20,-0.51,9.30,35366
-2.17,-0.87,10.18,35393
-2.19,0.64,9.25,35417
-2.01,-0.67,10.47,35442
-2.06,-0.83,10.44,35469
-1.73,-0.34,10.00,35494
-2.03,-1.03,9.31,35519
-1.77,-0.64,8.35,35545
-1.73,-0.52,9.20,35569
-1.73,-0.90,10.04,35596
-1.79,-0.23,8.48,35620
-1.75,-0.39,9.47,35645
-1.71,-1.38,9.86,35671
-1.71,-0.65,9.50,35695
-1.58,-1.01,9.81,35720
-1.25,-0.76,8.84,35745
-1.00,-0.74,10.58,35771
-0.95,-0.37,9.27,35796
-0.45,-0.85,10.05,35822
-0.70,-0.34,9.24,35847
-0.86,-0.65,8.84,35872
-0.89,-0.36,9.20,35897
-1.44,-0.95,9.92,35922
-1.40,-0.89,10.03,35948
-1.52,-0.45,9.68,35973
-1.35,-0.62,9.93,35998
-1.06,-0.59,9.15,36023
-1.24,-0.33,10.05,36048
-1.16,-0.16,9.17,36074
-0.95,-0.41,9.26,36099
-0.89,-0.48,10.28,36125
-1.31,-0.59,10.22,36151
-1.10,-0.33,10.00,36176
-1.02,-0.24,9.71,36202
-1.38,0.08,9.09,36226
-1.26,0.11,9.16,36249
-1.39,-0.53,10.39,36276
-1.17,-0.86,9.89,36300
-1.20,0.02,9.14,36325
-1.07,-0.51,10.75,36350
-1.02,-0.37,9.35,36375
-1.13,-0.28,10.21,36402
-1.06,0.24,8.65,36425
-1.12,-0.35,10.47,36451
-1.31,-0.23,9.22,36476
-1.14,-0.97,10.38,36502
-1.33,-0.91,10.67,36529
-1.41,-0.98,10.47,36554
-1.42,-0.47,10.36,36580
-1.01,-0.08,9.71,36605
-1.27,-0.08,8.99,36630
-1.23,0.19,8.98,36655
-0.99,-0.43,10.90,36680
-1.03,-0.52,9.97,36705
-1.45,0.06,9.59,36729
-0.63,-0.17,9.34,36754
-1.30,-0.12,9.14,36779
-1.16,-0.32,9.04,36804
-1.11,-0.45,10.21,36830
-1.09,-0.34,9.92,36855
-1.23,-0.28,9.81,36880
-1.15,0.52,9.01,36903
-1.32,-0.67,9.47,36929
-1.08,0.99,9.59,36953
-0.95,-0.84,10.13,36978
-1.11,-0.54,8.83,37004
-0.98,-0.91,10.38,37029
-1.23,-0.95,9.94,37055
-1.00,0.11,10.20,37080
-1.15,0.11,8.81,37103
-1.14,0.08,9.98,37128
-1.47,0.11,9.21,37151
-1.41,-1.85,9.33,37176
-0.84,-1.98,9.00,37201
-1.35,-0.11,9.64,37226
-1.24,-0.88,8.57,37251
-1.16,-0.30,9.20,37276
-0.33,-1.06,10.47,37302
-1.34,0.28,10.24,37327
-0.79,-0.13,11.23,37353
-1.08,0.38,8.76,37377
-0.65,-3.55,10.80,37403
0.53,-0.22,11.45,37428
-1.00,-1.22,7.47,37453
-0.24,-2.14,9.48,37478
-1.82,-1.58,10.12,37504
-1.51,-2.58,8.87,37529
-0.87,-0.97,6.81,37554
0.28,-4.12,13.09,37578
-1.86,-0.22,9.90,37604
-1.16,-2.47,8.35,37628
-0.93,-1.88,9.31,37654
-1.78,-1.16,9.51,37679
-2.23,-3.47,10.81,37704
-1.17,-1.65,10.97,37731
-0.18,-1.01,8.22,37755
-1.25,-0.20,9.37,37780
-1.00,0.00,8.21,37805
-1.42,-2.12,9.17,37829
-1.38,-0.53,9.48,37855
-1.68,-2.14,9.18,37879
-1.00,-0.51,8.60,37904
-0.88,-1.26,9.36,37929
-0.95,-1.39,10.10,37955
-0.84,-1.51,9.72,37980
-0.61,-1.58,9.45,38005
-0.93,-1.64,9.39,38030
-0.76,-2.21,9.64,38055
-0.87,-1.92,9.74,38080
-0.94,-2.47,9.72,38105
-0.78,-2.80,9.79,38130
-1.09,-3.42,9.86,38155
-1.37,-3.28,9.92,38179
-0.91,-3.65,10.28,38206
-0.82,-3.67,9.98,38231
-0.99,-3.23,9.58,38256
-0.62,-4.39,9.42,38281
-1.05,-4.27,8.70,38305
-0.78,-3.60,8.93,38331
-0.76,-3.87,8.94,38355
-0.62,-3.97,8.46,38380
-0.42,-3.88,9.02,38406
-0.56,-3.95,9.03,38430
-0.80,-4.27,9.80,38456
-0.74,-3.97,9.89,38480
-1.04,-4.71,9.22,38505
-0.85,-4.57,8.62,38531
-0.67,-4.91,9.49,38555
-0.75,-4.56,9.43,38580
-0.85,-5.24,9.70,38605
-0.51,-5.25,9.66,38630
-1.01,-4.90,9.74,38656
-0.68,-4.91,8.74,38680
-0.50,-4.58,9.85,38705
-0.92,-4.54,8.84,38730
-0.65,-4.46,8.96,38755
-0.77,-5.39,9.36,38779
-0.70,-5.33,9.46,38805
-0.85,-5.59,9.11,38830
-0.64,-5.56,9.45,38855
-0.39,-5.58,9.07,38880
-0.35,-5.17,8.77,38904
-0.77,-5.96,8.80,38930
-0.55,-4.99,8.87,38955
-0.43,-5.63,8.72,38979
-0.33,-4.59,9.01,39005
-0.60,-5.25,9.53,39029
-0.59,-5.76,9.28,39055
-0.82,-6.34,9.48,39079
-0.67,-6.61,9.55,39104
-1.23,-5.55,9.55,39130
-1.77,-5.48,8.88,39154
-0.95,-5.03,8.77,39179
-1.17,-5.34,9.18,39204
-2.85,-4.91,8.21,39229
-2.22,-5.34,8.77,39255
2.76,-4.08,8.85,39278
-2.25,-6.66,9.62,39303
-3.28,-6.01,9.23,39328
-4.93,-6.91,10.19,39354
-2.55,-6.59,9.34,39378
-2.00,-6.96,9.39,39404
-2.27,-6.53,9.44,39429
-1.97,-5.18,9.58,39454
-2.18,-5.30,9.17,39479
-1.50,-5.73,9.19,39503
-1.87,-4.63,8.66,39529
-2.20,-6.43,8.70,39554
-2.14,-5.23,8.55,39578
-1.88,-5.81,8.95,39604
-2.32,-6.18,8.32,39628
-2.61,-7.15,9.56,39654
-1.95,-5.51,9.37,39678
-2.32,-6.80,8.80,39703
-2.06,-5.65,8.93,39729
-2.47,-6.45,8.71,39753
-2.33,-5.44,9.20,39778
-2.77,-5.47,7.57,39803
-2.68,-5.68,8.43,39828
-2.78,-5.07,8.05,39854
-3.17,-4.78,7.91,39878
-3.20,-5.20,7.68,39903
-3.44,-6.84,8.88,39928
-2.51,-7.20,9.04,39953
-3.23,-6.59,8.66,39977
-2.62,-6.18,8.95,40003
-2.45,-6.48,8.61,40028
-2.56,-7.07,8.85,40053
-2.65,-6.54,8.08,40078
-2.78,-7.01,7.58,40102
-3.27,-7.40,8.32,40128
-2.81,-8.60,10.17,40154
-3.57,-6.27,9.11,40178
-2.75,-5.91,8.32,40204
-2.93,-5.88,8.83,40228
-3.61,-5.18,9.66,40254
-2.95,-5.93,8.49,40279
-3.33,-5.44,7.96,40303
-2.74,-6.75,9.33,40329
-3.27,-6.69,8.74,40353
-3.28,-6.26,8.75,40378
-3.09,-4.85,8.64,40403
-2.91,-4.52,9.74,40428
-3.60,-5.71,8.59,40454
-2.88,-4.26,6.85,40478
-3.77,-3.08,10.14,40504
-4.01,-5.96,9.94,40529
-3.25,-5.46,7.38,40554
-3.07,-7.69,9.01,40579
-2.96,-4.99,8.49,40604
-3.71,-6.45,7.78,40629
-3.67,-5.36,8.01,40654
-2.87,-6.10,9.63,40679
-3.16,-5.30,9.10,40704
-3.42,-4.97,8.83,40729
-2.72,-4.87,10.12,40755
-3.58,-6.25,9.24,40779
-3.97,-5.12,9.39,40805
-2.67,-6.22,9.00,40829
-3.24,-6.29,10.22,40856
-3.62,-6.48,9.15,40881
-3.47,-6.33,8.46,40905
-3.07,-6.07,10.31,40932
-3.37,-6.08,9.78,40956
-3.19,-5.43,8.97,40982
-3.38,-4.64,9.70,41007
-3.30,-4.71,9.44,41031
-2.96,-4.28,9.46,41057
-3.19,-4.43,9.11,41081
-3.45,-4.26,8.29,41106
-3.07,-4.68,9.05,41132
-3.24,-3.59,8.44,41156
-3.44,-3.44,8.62,41182
-3.12,-4.16,9.34,41206
-3.78,-2.01,8.59,41231
-3.32,-1.57,8.21,41256
-3.44,-1.59,9.34,41281
-3.44,-2.29,9.79,41306
-3.41,-1.94,8.33,41331
-2.99,-0.94,9.00,41356
-3.54,-1.48,8.63,41381
-3.18,-0.98,8.77,41406
-3.16,-1.13,10.18,41432
-3.38,-0.43,9.81,41457
-3.46,-0.86,8.96,41482
-2.97,-0.57,9.90,41506
-3.53,-1.13,9.33,41532
-2.77,-0.51,9.70,41556
-2.84,-1.99,9.77,41582
-3.43,0.31,10.62,41607
-2.90,-1.26,9.40,41631
-3.14,-1.54,9.80,41657
-3.12,-0.69,9.25,41681
-2.65,-0.42,8.90,41706
-3.09,-0.67,9.25,41732
-2.98,-1.29,9.57,41756
-2.69,-0.93,9.29,41782
-2.90,-1.32,9.38,41806
-2.93,-1.05,9.68,41831
-2.69,-0.53,8.55,41857
-2.77,-0.86,9.66,41881
-3.14,-0.51,9.27,41906
-2.82,-1.38,9.23,41931
-3.27,-1.63,9.58,41956
-3.31,-1.52,9.68,41981
-3.10,-0.39,9.12,42006
-2.98,-0.68,9.61,42031
-3.55,-0.76,9.16,42056
-2.62,-0.78,8.57,42081
-2.82,-1.48,9.56,42105
-3.14,-1.08,8.56,42131
-2.82,-1.73,8.89,42156
-3.69,-1.09,9.37,42181
-3.26,-1.46,8.58,42206
-2.90,-0.78,8.65,42230
-2.99,-1.27,8.97,42256
-3.33,-0.75,9.12,42280
-3.36,-0.55,9.40,42305
-3.35,-0.83,9.33,42331
-2.95,-0.86,8.70,42355
-2.88,-1.79,9.35,42381
-2.99,-1.36,9.46,42405
-2.22,-0.71,9.00,42430
-2.56,-1.59,9.56,42456
-2.59,-0.62,9.67,42480
-2.54,-1.29,10.64,42506
-2.57,-1.16,10.43,42532
-1.35,-0.67,9.75,42557
-1.90,-1.32,9.51,42583
-2.55,-2.01,10.28,42608
-2.51,-0.89,9.23,42633
-3.37,-0.95,10.08,42659
-3.45,0.10,9.62,42683
-3.13,-0.29,9.68,42707
-3.45,-1.83,9.16,42733
-3.41,-1.33,8.95,42758
-2.97,-1.51,9.89,42783
-3.53,-0.50,9.09,42808
-2.98,-1.87,8.19,42832
-2.59,-0.92,8.11,42858
-1.95,-1.09,8.44,42883
-2.41,-1.15,9.31,42907
-2.48,-0.53,9.76,42933
-2.18,-1.20,8.91,42957
-1.95,0.24,9.90,42982
-2.20,-0.54,9.72,43006
-2.15,0.09,8.71,43030
-2.18,0.17,8.38,43055
-2.78,-0.12,9.83,43079
-2.44,-0.04,9.51,43104
-2.85,-0.80,8.99,43129
-2.41,0.46,9.50,43153
-2.42,0.02,9.40,43177
-2.53,0.25,9.12,43201
-2.57,-0.44,9.84,43226
-2.26,0.26,7.39,43250
-2.36,0.98,8.94,43274
-2.12,0.93,9.72,43297
-2.25,1.49,9.00,43322
-1.87,0.00,9.45,43345
-2.24,1.49,10.04,43370
-1.73,1.26,9.18,43395
-1.54,2.10,9.85,43418
-2.40,1.84,9.42,43442
-1.45,1.60,9.08,43466
-1.95,2.22,9.83,43490
-1.37,1.81,9.68,43514
-1.49,2.78,9.70,43538
-1.24,2.29,9.16,43561
-1.63,2.70,9.38,43586
-1.38,3.03,9.68,43610
-1.45,3.09,9.81,43633
-1.25,3.06,9.21,43658
-1.04,2.56,9.56,43681
-0.48,2.74,9.73,43705
-0.83,2.37,10.18,43730
-0.58,2.96,9.54,43754
-0.67,2.13,9.90,43779
-1.14,2.85,9.53,43802
-0.39,2.37,9.99,43826
-0.97,3.65,9.55,43850
-1.27,2.72,9.67,43874
-1.39,2.21,10.00,43898
-1.32,2.53,9.24,43923
-0.96,2.89,9.09,43947
-0.78,2.95,9.17,43970
-1.30,3.74,9.86,43995
-0.80,2.10,10.35,44019
-1.32,2.53,9.68,44044
-0.96,3.26,9.62,44067
-0.76,3.16,10.04,44092
-1.48,3.49,8.61,44116
-0.80,3.80,8.81,44140
-1.48,3.50,8.92,44164
-0.91,3.48,9.44,44188
-1.70,2.61,9.45,44212
-1.65,3.22,9.29,44235
-1.29,2.86,8.85,44260
-1.34,3.05,8.77,44283
-1.75,3.76,9.51,44307
-1.34,4.06,9.21,44332
-1.57,3.86,9.11,44355
-0.75,2.87,8.07,44380
-0.86,3.13,8.66,44403
-1.02,2.93,9.22,44427
-0.72,2.96,9.05,44451
-0.79,2.58,8.23,44475
-0.32,3.28,8.24,44498
-0.78,2.82,8.75,44523
-0.71,3.05,9.14,44547
-0.70,3.39,9.25,44570
-0.98,3.28,9.65,44595
-1.10,2.68,9.16,44618
-1.15,3.14,8.97,44643
-1.42,2.94,9.80,44666
-1.64,2.77,9.68,44690
-1.71,2.55,9.50,44715
-1.58,2.55,9.47,44738
-1.67,2.58,9.71,44762
-1.67,2.56,9.43,44786
-1.62,2.16,9.21,44810
-1.64,1.77,9.35,44833
-1.74,1.39,9.60,44858
-1.86,1.66,9.77,44881
-2.17,1.33,9.93,44905
-2.18,1.33,9.52,44930
-2.17,1.09,9.06,44953
-1.99,0.44,9.68,44978
-1.89,0.81,9.45,45001
-1.99,0.02,9.16,45025
-1.97,0.13,9.64,45049
-2.07,0.08,8.83,45073
-1.74,-0.10,9.22,45097
-2.05,-1.13,9.30,45123
-1.79,-0.56,9.36,45148
-1.57,-0.97,9.45,45172
-2.03,-1.34,9.74,45198
-1.95,-1.11,9.41,45222
-1.56,-1.61,9.01,45248
-1.96,-0.92,9.41,45273
-1.62,-1.63,8.93,45297
-1.72,-1.70,9.45,45323
-1.87,-2.20,9.94,45347
-1.69,-2.38,9.54,45372
-1.88,-2.12,9.16,45398
-1.64,-2.61,9.61,45422
-1.99,-2.14,9.76,45448
-2.05,-2.37,9.77,45472
-2.00,-2.21,10.36,45498
-2.14,-1.95,10.48,45524
-2.09,-1.90,9.68,45549
-1.68,-2.52,9.22,45575
-1.97,-2.37,8.76,45599
-1.27,-2.42,8.57,45624
-1.77,-2.53,9.02,45649
-2.07,-2.79,9.66,45674
-1.89,-2.33,9.77,45699
-1.74,-2.92,9.59,45724
-2.22,-2.54,9.45,45749
-1.61,-2.87,8.97,45774
-1.97,-2.26,10.15,45800
-2.18,-2.75,9.85,45825
-1.73,-3.15,9.68,45850
-2.12,-3.13,10.37,45876
-1.75,-2.64,9.49,45900
-1.59,-2.56,10.06,45927
-1.68,-2.79,9.80,45952
-1.86,-2.47,10.31,45978
-1.86,-3.05,9.84,46003
-1.78,-2.96,10.18,46028
-2.12,-3.05,10.58,46055
-2.08,-2.84,10.92,46081
-1.91,-2.20,9.65,46106
-2.23,-3.24,9.72,46131
-1.94,-2.57,9.98,46155
-1.79,-2.59,9.49,46181
-1.99,-3.18,9.69,46205
-1.77,-2.51,9.56,46230
-2.23,-2.66,9.85,46256
-2.26,-2.68,10.26,46281
-2.56,-2.53,10.50,46308
-2.73,-3.49,9.66,46332
-2.54,-2.94,9.75,46357
-2.31,-2.75,9.61,46383
-2.44,-2.99,9.25,46407
-2.67,-3.11,9.54,46432
-2.89,-3.11,9.20,46457
-2.50,-2.81,9.10,46482
-2.73,-3.68,9.78,46508
-2.72,-3.22,9.71,46532
-2.92,-4.02,9.75,46557
-2.75,-3.60,9.52,46582
-3.04,-4.61,9.64,46607
-2.72,-4.15,9.56,46631
-2.27,-4.62,9.56,46657
-2.46,-4.85,9.13,46682
-2.23,-5.19,9.75,46707
-2.03,-6.06,9.56,46732
-1.82,-5.44,9.33,46756
-1.77,-4.05,10.94,46783
-2.23,-3.97,11.10,46809
-1.96,-5.00,10.51,46834
-2.26,-4.96,10.96,46861
-2.78,-5.15,10.20,46886
-1.96,-4.65,9.56,46912
-2.38,-4.09,9.41,46937
-2.70,-5.40,9.04,46961
-2.54,-3.71,9.26,46987
-2.22,-3.77,9.79,47011
-2.38,-5.22,8.94,47036
-2.50,-4.48,9.13,47062
-2.06,-3.25,8.97,47086
-1.46,-4.20,8.15,47112
-2.03,-4.02,8.88,47136
-2.47,-4.43,9.57,47161
-2.46,-4.14,9.24,47186
-2.37,-3.77,10.04,47212
-2.57,-3.19,9.30,47238
-2.54,-3.45,9.94,47262
-2.81,-2.03,9.93,47287
-2.76,-2.96,10.05,47313
-2.24,-2.62,9.82,47338
-2.42,-1.81,10.23,47364
-2.03,-0.99,10.24,47390
-2.78,-0.80,9.75,47415
-1.43,-1.67,10.00,47441
-2.58,-1.18,10.24,47467
-2.36,-0.71,9.58,47492
-2.04,-1.43,10.52,47518
-2.95,-0.89,10.14,47544
-2.12,-0.79,9.56,47568
-1.98,-0.97,10.56,47595
-2.36,-0.50,10.24,47621
-2.23,-0.69,10.21,47647
-1.83,-0.79,9.59,47672
-2.37,-0.77,9.77,47696
-2.66,-1.46,9.29,47722
-1.96,-0.87,9.20,47747
-2.47,-1.27,9.34,47772
-2.09,-0.63,8.94,47797
-2.14,-0.98,9.20,47821
-2.43,-0.44,9.59,47847
-2.14,-0.12,8.82,47872
-2.59,-1.50,8.76,47896
-2.50,-1.06,8.87,47922
-2.23,-1.65,9.43,47946
-2.55,-1.58,9.55,47972
-2.85,-1.07,9.68,47996
-2.06,-1.51,9.89,48021
-2.58,-0.07,9.96,48047
-2.38,-0.68,10.15,48072
-2.20,-0.30,10.29,48098
-2.54,-0.68,10.46,48124
-2.38,-1.52,10.50,48150
-2.71,-0.38,10.38,48177
-2.54,-1.18,10.76,48202
-2.78,-2.58,10.75,48228
-2.44,-1.66,10.87,48254
-2.53,-1.23,11.06,48280
-2.85,-2.31,10.60,48307
-2.44,-1.94,10.36,48332
-3.23,-1.32,9.82,48357
-2.50,-1.42,9.15,48382
-2.87,-2.04,9.61,48407
-3.12,-1.58,9.09,48432
-2.81,-2.12,9.98,48457
-2.63,-1.78,9.49,48482
-3.11,-1.64,9.78,48507
-3.02,-1.88,9.14,48532
-2.75,-2.37,8.54,48557
-3.65,-2.94,8.41,48582
-3.20,-1.86,9.82,48607
-2.62,-2.14,8.03,48631
-2.92,-1.29,7.72,48657
-2.86,-1.47,8.49,48681
-2.60,-1.55,8.68,48707
-3.21,-2.13,7.81,48732
-2.49,-1.35,7.55,48756
-2.45,-1.81,8.68,48782
-2.34,-0.33,8.65,48806
-2.57,-2.61,9.00,48831
-2.38,-3.45,9.62,48857
-2.13,-1.38,9.13,48881
-2.33,-1.30,10.25,48908
-2.09,-1.18,9.79,48932
-2.45,-1.88,9.30,48957
-2.59,-1.73,10.93,48984
-2.57,-1.49,11.39,49009
-2.62,-0.75,11.59,49036
-1.85,-2.77,10.87,49061
-2.27,-1.41,10.89,49087
-3.37,-2.25,11.84,49114
-2.86,-1.50,10.68,49139
-2.87,-0.38,9.93,49164
-3.51,-2.99,9.74,49189
-2.75,-1.07,10.72,49215
-3.17,-2.47,10.14,49242
-2.91,-1.65,9.49,49266
-2.36,-0.75,9.12,49291
-2.29,-2.60,9.62,49316
-1.74,-4.07,8.40,49341
-3.32,-2.72,9.52,49366
-2.19,-1.19,10.22,49392
-2.46,-2.08,9.63,49417
-3.15,-2.32,10.16,49443
-2.81,-3.31,9.85,49468
-2.47,-2.14,8.08,49492
-2.55,-3.63,8.51,49518
-2.69,-2.52,8.10,49543
-2.88,-2.20,9.38,49568
-2.59,-2.48,9.15,49593
-2.67,-1.57,8.53,49617
-2.22,-2.32,7.76,49643
-2.52,-2.37,7.54,49668
-1.72,-2.82,7.57,49692
-2.48,-1.64,7.95,49718
-2.71,-2.09,7.40,49742
-2.62,-1.84,8.02,49768
-2.47,-2.36,8.07,49793
-2.04,-1.51,8.15,49817
-2.29,-2.55,8.49,49843
-2.45,-2.09,7.65,49867
-2.04,-2.39,8.91,49892
-2.20,-2.66,9.11,49917
-2.89,-2.94,8.85,49942
-2.34,-2.40,9.41,49968
-1.89,-2.68,9.45,49992
-2.31,-1.96,9.77,50017
-2.11,-2.06,9.22,50042
-2.64,-1.50,9.28,50067
-2.30,-1.99,9.31,50092
-2.53,-2.12,9.18,50117
-2.54,-1.22,9.18,50142
-2.43,-1.87,9.11,50167
-2.78,-2.47,9.02,50192
-1.68,-0.84,8.91,50216
-2.24,-1.92,9.22,50242
-2.04,1.48,7.72,50266
-1.86,-0.39,9.25,50290
-2.68,-3.89,8.97,50316
-2.00,-2.86,10.05,50341
-2.74,-1.89,9.90,50367
-1.25,-1.99,9.50,50392
-2.43,1.12,12.90,50416
-4.85,-1.93,11.15,50443
-1.56,0.69,9.19,50466
-2.25,-0.79,10.50,50492
-0.44,-0.18,14.24,50519
-4.05,1.30,14.78,50543
-2.04,-2.73,11.45,50570
-3.46,-1.46,12.89,50595
-1.51,-2.50,10.10,50621
-2.71,-1.17,10.48,50648
-2.09,-2.39,11.04,50673
-3.02,-1.19,9.92,50699
-2.58,-1.41,9.29,50723
-2.29,-0.36,9.17,50748
-2.12,-0.75,8.34,50774
-2.54,-1.51,7.68,50798
-1.85,-0.42,8.10,50823
-2.27,-1.21,8.67,50848
-1.74,-0.61,8.47,50873
-2.31,-0.38,8.86,50898
-1.95,-0.88,8.64,50923
-2.17,-0.28,9.23,50948
-2.48,-0.58,8.91,50973
-2.38,-0.33,8.77,50998
-2.55,-0.70,9.07,51022
-2.90,-1.52,9.76,51048
-2.47,-0.76,9.75,51073
-2.67,-1.33,9.43,51098
-2.45,-0.62,9.51,51123
-2.71,-0.69,9.63,51147
-1.87,0.05,9.21,51172
-2.39,-0.68,10.02,51197
-2.12,-0.46,10.59,51223
-2.34,0.04,9.83,51248
-1.52,-0.13,9.15,51272
-1.89,-0.90,9.72,51298
-1.49,-0.96,9.36,51322
-1.68,-0.39,9.11,51347
-1.57,0.01,8.99,51372
-1.87,-0.52,9.75,51396
-1.81,-0.53,9.50,51421
-1.34,-0.29,8.85,51446
-1.50,0.04,9.04,51470
-1.51,-0.51,8.77,51494
-1.65,0.26,7.44,51519
-1.64,-2.18,6.87,51544
-2.31,-0.42,9.07,51569
-1.84,-0.99,6.44,51594
-1.57,0.13,6.03,51617
-1.68,0.42,7.64,51642
-2.46,-0.53,8.66,51666
-1.49,-0.80,8.00,51691
-1.72,-0.22,5.85,51717
-0.34,-0.21,7.10,51741
-2.46,-1.07,9.56,51767
-1.47,-1.31,8.68,51791
-0.74,-0.70,9.99,51816
-1.57,0.66,10.32,51842
-2.57,-1.67,9.94,51866
-1.55,-1.10,10.15,51892
-1.88,-0.27,10.47,51918
-3.68,-0.94,10.19,51944
-1.33,-1.01,10.38,51971
-2.58,-0.85,8.88,51995
-3.11,-1.58,8.35,52020
-2.24,0.45,9.62,52044
-2.10,-1.28,9.85,52069
-1.77,0.34,8.35,52092
-1.20,-0.22,8.74,52118
-1.41,-1.55,8.99,52143
-2.04,-1.48,7.21,52168
-0.66,-1.97,8.22,52193
-2.28,0.00,8.84,52216
-1.44,-1.16,9.74,52242
-2.06,-0.98,8.16,52267
-0.81,-0.19,11.74,52292
-3.56,-2.98,12.10,52319
-2.28,-2.55,10.02,52344
-1.71,0.56,7.85,52369
-2.20,-4.54,7.78,52393
-2.21,1.45,7.93,52417
-2.28,-1.18,9.35,52443
-0.93,-1.34,10.15,52468
-1.86,-3.24,13.33,52494
-1.54,-1.98,8.27,52519
-1.86,1.58,10.87,52544
-0.89,-3.34,9.07,52570
-4.62,2.92,7.19,52593
-0.25,-2.12,8.79,52618
-1.36,3.20,8.77,52642
-4.17,-3.85,8.72,52667
-1.21,-0.67,8.38,52691
-2.31,-0.08,8.88,52717
-1.75,-0.69,9.62,52742
-2.17,-0.74,10.04,52768
-0.26,-3.65,9.59,52793
-3.92,0.30,9.44,52816
0.23,0.16,8.67,52840
-0.78,0.35,7.50,52864
-1.72,-0.60,10.95,52889
-1.57,-0.13,8.27,52915
-1.86,-1.04,9.84,52939
-1.14,-1.36,10.84,52966
-1.00,-0.12,9.62,52990
-1.99,-0.13,9.81,53015
-1.28,-0.16,9.67,53041
-0.75,-1.35,9.45,53065
-2.44,-1.46,9.06,53090
-2.04,-0.15,9.51,53115
-1.27,-0.26,9.53,53140
-1.75,0.42,8.96,53165
-1.44,0.61,8.53,53188
-1.64,0.25,9.17,53212
-1.44,-0.30,9.95,53237
-1.39,-0.55,10.59,53263
-1.98,-0.88,10.73,53288
-1.97,-0.72,11.93,53315
-2.20,-0.68,11.47,53341
-1.73,-0.74,10.75,53367
-1.96,-0.65,11.49,53393
-2.13,-0.98,12.18,53419
-2.03,-1.42,12.24,53445
-2.19,-1.08,12.70,53471
-1.63,-0.27,10.68,53497
-1.95,-0.11,10.17,53523
-1.59,-0.20,9.68,53548
-1.65,-0.64,9.01,53573
-1.44,-0.64,8.87,53598
-1.25,-0.37,9.11,53622
-1.90,-0.45,9.68,53648
-1.69,-0.14,7.62,53672
-1.33,-0.21,10.07,53699
-1.77,0.22,9.49,53723
-1.92,-0.54,9.60,53747
-1.58,0.02,9.25,53772
-1.62,-0.79,9.11,53796
-1.53,-0.19,9.60,53821
-1.65,0.17,9.73,53846
-1.75,-0.18,9.28,53870
-1.47,-1.05,9.30,53896
-1.60,-0.49,11.27,53921
-2.07,-0.61,10.48,53947
-1.58,-0.38,9.85,53972
-1.34,-0.82,9.68,53997
-1.26,-1.07,9.95,54022
-1.82,-0.81,10.84,54048
-1.55,-1.25,9.39,54073
-1.12,-0.55,9.84,54098
-1.91,-0.55,10.81,54124
-1.73,-0.78,9.70,54149
-1.39,-0.64,9.73,54174
-0.92,-0.70,9.98,54199
-1.14,-1.07,10.74,54224
-1.07,-1.43,9.03,54250
-0.32,-1.25,8.62,54275
-0.68,-0.30,9.18,54300
-1.12,-0.53,10.02,54326
-0.61,-0.07,9.45,54350
-0.88,-0.35,8.98,54376
-0.49,-0.06,9.18,54401
-1.16,-0.26,8.92,54426
-0.48,-0.27,7.90,54451
-0.68,0.04,9.19,54474
-0.78,-0.14,9.12,54500
-0.96,0.04,9.02,54523
-0.89,-0.62,8.96,54548
-0.36,-0.72,9.23,54574
-0.64,-0.63,9.29,54598
-0.78,-0.79,9.52,54623
-0.96,0.16,9.61,54647
-0.60,-0.71,9.56,54672
-0.90,0.01,9.60,54696
-0.98,-0.76,9.33,54721
-0.82,-0.62,9.63,54746
-0.70,-0.54,10.02,54772
-0.56,-0.62,10.16,54798
-0.63,-0.72,10.43,54823
-0.71,-0.64,9.93,54849
-0.48,-0.48,9.34,54874
-0.33,-1.03,9.83,54899
-0.40,-1.05,9.87,54924
-0.42,-0.84,9.82,54948
-0.39,-0.46,9.79,54974
-0.39,-0.96,9.94,54999
-0.25,-1.23,9.86,55023
-0.52,-1.09,9.68,55049
-0.57,-0.29,10.12,55074
-0.45,-0.64,9.67,55100
-0.36,-0.93,9.42,55124
-0.20,0.02,9.99,55148
-0.57,-0.11,10.15,55175
-0.44,-0.52,9.73,55199
-0.38,-0.80,10.30,55226
-0.46,-0.66,10.27,55251
-0.21,-0.58,9.61,55276
-0.43,-0.39,10.47,55303
-0.57,-0.65,9.97,55327
-0.58,-0.62,9.90,55352
-0.15,-0.41,10.11,55378
-0.72,-0.48,10.04,55404
-0.17,-0.34,9.68,55430
-0.52,0.53,10.35,55454
-0.29,0.22,10.37,55479
-0.69,-0.24,10.08,55505
-0.33,0.33,9.78,55529
-0.51,-0.15,10.14,55555
-0.45,0.00,9.97,55579
-0.35,0.15,9.96,55603
-0.33,0.72,10.08,55628
-0.33,0.00,9.95,55652
-0.30,0.15,9.70,55675
-0.26,0.74,9.66,55700
-0.50,0.57,9.68,55724
-0.18,1.09,9.94,55747
-0.19,0.48,9.47,55772
-0.82,0.03,9.95,55795
-0.44,0.01,9.54,55819
-0.51,0.61,9.67,55843
-0.51,0.31,9.74,55867
-0.46,0.56,9.20,55891
-0.32,0.68,9.35,55915
-0.08,-0.29,9.93,55940
-0.04,0.04,9.83,55964
-0.34,0.20,9.14,55988
0.04,-0.07,9.50,56011
-0.32,0.50,9.89,56036
-0.42,-0.09,10.20,56061
-0.25,-0.07,9.74,56086
-0.22,-0.23,9.74,56112
-0.30,0.09,9.98,56135
-0.49,-0.52,10.06,56162
-0.20,-0.14,9.99,56186
-0.18,-0.51,9.79,56211
-0.52,-0.37,10.20,56238
-0.48,-0.48,9.89,56262
-0.44,-0.48,10.19,56288
-0.23,-0.50,9.58,56313
0.10,-0.62,9.90,56337
0.19,-0.10,9.65,56361
0.49,-0.30,9.93,56385
0.68,-0.48,9.85,56409
0.86,-0.84,9.85,56433
1.15,-0.83,10.01,56458
1.21,-1.08,9.81,56481
1.33,-0.76,9.79,56506
1.69,-1.15,9.48,56529
1.90,-1.17,9.75,56553
1.95,-1.00,9.89,56578
2.06,-0.54,9.78,56601
2.51,-0.32,10.28,56627
1.87,-0.53,10.55,56651
0.92,-0.31,10.06,56676
4.20,-0.76,10.11,56701
5.40,-0.11,9.76,56725
2.03,-0.88,9.92,56749
3.15,-0.88,10.47,56774
3.50,-0.46,10.79,56799
3.39,-1.05,10.96,56824
4.26,-0.79,10.33,56849
3.15,-1.25,10.40,56873
3.22,0.36,10.58,56898
3.17,0.39,9.84,56921
2.94,-1.10,9.60,56944
3.00,-0.90,9.37,56969
3.09,-0.49,9.52,56992
3.10,-0.94,9.74,57016
3.04,-1.16,9.69,57040
3.27,-0.35,9.58,57064
3.10,-0.96,9.86,57089
3.14,-0.55,9.78,57112
3.06,-0.80,10.05,57137
3.05,-0.45,10.20,57162
2.88,-0.96,10.49,57187
2.99,-0.59,10.73,57211
3.09,-0.33,10.88,57237
2.95,-0.72,11.06,57262
2.92,-0.40,11.00,57286
2.98,-0.75,10.57,57312
3.01,-0.46,10.60,57336
2.73,-0.71,10.49,57362
2.61,-1.00,10.01,57387
2.51,-0.78,9.90,57410
2.27,-0.96,9.33,57435
2.08,-1.01,9.27,57458
1.82,-0.64,9.14,57482
1.81,-0.74,9.20,57506
1.57,-0.61,9.17,57530
1.49,-0.46,9.49,57554
1.43,-1.04,9.50,57578
1.44,-0.81,9.85,57602
1.47,-1.01,9.93,57626
1.41,-0.86,10.06,57651
1.37,-1.26,10.25,57675
1.41,-0.80,10.42,57701
1.40,-0.96,10.57,57725
1.37,-0.98,10.93,57750
1.35,-0.74,10.85,57776
1.30,-1.02,10.80,57800
1.36,-1.16,10.51,57826
1.28,-1.19,10.53,57850
1.22,-1.14,10.18,57875
1.22,-1.15,10.02,57901
1.05,-1.10,9.90,57924
0.81,-0.88,9.71,57948
0.80,-0.82,9.76,57972
0.75,-0.94,9.76,57996
0.73,-0.85,9.70,58020
0.68,-0.94,9.68,58044
0.51,-1.17,9.66,58067
0.57,-1.14,9.77,58092
0.50,-1.05,9.67,58116
0.42,-1.13,9.92,58139
0.42,-0.79,9.84,58164
0.43,-0.85,9.86,58187
0.32,-0.89,9.77,58211
0.32,-0.61,9.94,58235
0.32,-0.78,9.90,58259
0.27,-0.89,9.93,58283
0.34,-0.69,9.97,58307
0.34,-0.69,9.95,58331
0.23,-1.03,9.94,58355
0.31,-0.82,9.87,58379
0.34,-0.82,9.89,58402
0.25,-0.95,9.89,58427
0.33,-0.86,9.82,58450
0.33,-0.85,9.75,58474
0.21,-1.02,9.93,58499
0.31,-1.02,9.89,58522
0.30,-0.83,9.89,58546
0.32,-1.01,9.85,58570
0.34,-0.81,9.90,58594
0.30,-0.92,9.78,58617
0.22,-0.94,9.85,58642
0.20,-0.85,9.73,58665
0.13,-0.91,9.84,58690
0.00,-1.01,9.78,58714
0.24,-0.88,9.79,58737
-0.66,-0.79,9.70,58763
-1.05,-0.96,9.85,58787
-1.34,-0.79,9.78,58812
-1.49,-0.76,9.69,58838
-1.61,-1.07,9.57,58862
-1.72,-0.82,9.60,58888
-1.87,-0.95,9.31,58912
-1.91,-0.81,9.36,58937
-2.39,-0.99,9.09,58962
-2.37,-1.00,9.21,58987
-2.50,-1.26,9.19,59012
-2.61,-1.04,9.27,59037
-2.60,-0.96,9.22,59062
-2.69,-0.85,9.60,59087
-2.80,-1.09,9.24,59112
-2.83,-0.69,9.38,59137
-2.73,-0.85,9.35,59162
-2.59,-1.01,9.38,59187
-2.36,-1.07,9.67,59211
-1.95,-0.86,9.68,59237
-1.70,-0.79,9.71,59261
-1.74,-1.16,9.55,59287
-1.61,-1.17,9.39,59312
-1.55,-0.81,9.40,59336
-1.74,-0.91,9.34,59362
-2.08,-1.15,9.57,59386
-2.14,-0.92,9.36,59411
-2.17,-0.89,9.56,59437
-2.19,-0.76,9.65,59461
-2.13,-1.10,9.67,59487
-1.91,-0.90,9.52,59511
-1.92,-0.98,9.63,59536
-1.84,-0.97,9.56,59561
-1.85,-1.04,9.64,59586
-1.88,-0.83,9.45,59611
-1.91,-1.01,9.52,59636
-2.03,-1.04,9.36,59661
-2.03,-0.87,9.41,59686
-2.02,-0.95,9.36,59711
-2.11,-1.12,9.67,59736
-2.10,-1.10,9.61,59761
-2.00,-0.85,9.31,59786
-2.03,-0.97,9.42,59810
-2.06,-1.15,9.65,59836
-2.02,-1.01,9.59,59860
-1.97,-0.89,9.46,59886
-1.96,-0.85,9.46,59911
-1.99,-1.01,9.57,59935
-1.95,-0.95,9.39,59961
-1.98,-0.83,9.47,59985
-1.99,-0.90,9.40,60010
-2.08,-0.92,9.55,60036
-2.01,-0.89,9.46,60060
-2.08,-0.90,9.59,60086
-2.20,-1.53,9.32,60110
-2.02,-0.93,9.70,60135
-1.90,-0.70,9.48,60161
-1.88,-0.59,9.57,60185
-2.02,-0.88,9.50,60210
-2.02,-0.82,9.34,60235
-1.88,-1.15,10.18,60261
-2.04,-1.09,9.61,60286
-1.97,-1.02,9.49,60311
-1.98,-0.95,9.56,60336
-1.97,-0.83,9.42,60361
-1.94,-0.87,9.48,60386
-1.93,-1.00,9.48,60410
-1.89,-0.79,9.51,60436
-1.88,-0.76,9.50,60461
-1.96,-0.84,9.40,60486
-2.09,-0.99,9.35,60511
-1.99,-0.82,9.44,60535
-1.95,-0.83,9.49,60561
-2.01,-1.15,9.58,60585
-2.02,-1.10,9.46,60610
-1.95,-0.79,9.45,60636
-1.93,-0.82,9.35,60660
-1.93,-1.05,9.45,60686
-1.98,-1.18,9.54,60710
-1.89,-0.78,9.39,60735
-1.91,-0.91,9.38,60761
-2.05,-1.02,9.64,60785
-2.03,-1.09,9.72,60810
-2.01,-0.83,9.28,60835
-1.99,-0.72,9.33,60860
-2.03,-0.83,9.52,60886
-1.95,-0.92,9.45,60910
-1.87,-0.85,9.50,60935
-1.87,-0.84,9.44,60960
-1.92,-1.13,9.73,60985
-2.03,-1.12,9.65,61009
-1.95,-0.91,9.42,610